iTest	taille	min	max	nom_tri	type_tab	temps	mem
1	16980	-10000	10000	rapide	decroissant	0.00	2020
1	16980	-10000	10000	rapide	croissant	0.00	1900
1	16980	-10000	10000	rapide	aleatoire	0.00	1944
1	16980	-10000	10000	radix	constant	0.00	2124
1	16980	-10000	10000	insertion	croissant	0.00	2244
1	16980	-10000	10000	insertion	constant	0.00	2252
1	16980	-10000	10000	fusion	croissant	0.01	2316
1	16980	-10000	10000	radix	aleatoire	0.00	2248
1	16980	-10000	10000	fusion	constant	0.01	2432
1	16980	-10000	10000	radix	croissant	0.00	2256
1	16980	-10000	10000	radix	decroissant	0.00	2304
1	16980	-10000	10000	fusion	decroissant	0.01	2380
1	16980	-10000	10000	fusion	aleatoire	0.01	2224
2	77988	-10000	10000	rapide	croissant	0.01	2308
2	77988	-10000	10000	rapide	decroissant	0.01	2396
2	77988	-10000	10000	radix	constant	0.01	2612
2	77988	-10000	10000	rapide	aleatoire	0.02	2368
3	91935	-10000	10000	rapide	croissant	0.01	2632
3	91935	-10000	10000	rapide	decroissant	0.02	2644
3	91935	-10000	10000	radix	constant	0.01	2864
3	91935	-10000	10000	rapide	aleatoire	0.02	2348
2	77988	-10000	10000	insertion	constant	0.03	2588
4	43124	-10000	10000	radix	constant	0.00	2176
2	77988	-10000	10000	insertion	croissant	0.03	2568
6	26099	-10000	10000	rapide	croissant	0.00	2052
4	43124	-10000	10000	radix	decroissant	0.02	2196
5	53669	-10000	10000	rapide	croissant	0.01	2096
2	77988	-10000	10000	radix	decroissant	0.04	2636
3	91935	-10000	10000	insertion	croissant	0.03	2864
2	77988	-10000	10000	radix	aleatoire	0.04	2620
6	26099	-10000	10000	insertion	constant	0.01	2320
3	91935	-10000	10000	insertion	constant	0.04	2856
4	43124	-10000	10000	rapide	croissant	0.00	2016
6	26099	-10000	10000	rapide	aleatoire	0.00	2136
4	43124	-10000	10000	rapide	aleatoire	0.01	2128
4	43124	-10000	10000	insertion	constant	0.01	2320
6	26099	-10000	10000	radix	constant	0.00	2304
3	91935	-10000	10000	radix	aleatoire	0.04	2884
2	77988	-10000	10000	fusion	constant	0.05	2820
5	53669	-10000	10000	rapide	decroissant	0.01	2056
2	77988	-10000	10000	fusion	decroissant	0.05	2964
2	77988	-10000	10000	fusion	croissant	0.05	2888
4	43124	-10000	10000	fusion	decroissant	0.02	2452
4	43124	-10000	10000	rapide	decroissant	0.00	2116
3	91935	-10000	10000	radix	croissant	0.05	2892
6	26099	-10000	10000	insertion	croissant	0.01	2332
5	53669	-10000	10000	rapide	aleatoire	0.01	2044
3	91935	-10000	10000	radix	decroissant	0.05	2920
2	77988	-10000	10000	radix	croissant	0.04	2728
6	26099	-10000	10000	rapide	decroissant	0.00	2104
6	26099	-10000	10000	radix	croissant	0.01	2312
2	77988	-10000	10000	fusion	aleatoire	0.07	2876
4	43124	-10000	10000	fusion	constant	0.02	2452
4	43124	-10000	10000	radix	aleatoire	0.01	2312
5	53669	-10000	10000	radix	decroissant	0.03	2308
6	26099	-10000	10000	radix	decroissant	0.01	2324
5	53669	-10000	10000	fusion	decroissant	0.03	2452
3	91935	-10000	10000	fusion	constant	0.06	3192
5	53669	-10000	10000	radix	constant	0.01	2320
6	26099	-10000	10000	fusion	aleatoire	0.02	2448
6	26099	-10000	10000	fusion	constant	0.01	2404
5	53669	-10000	10000	radix	aleatoire	0.02	2320
4	43124	-10000	10000	fusion	croissant	0.03	2460
4	43124	-10000	10000	fusion	aleatoire	0.04	2392
5	53669	-10000	10000	insertion	croissant	0.02	2252
6	26099	-10000	10000	fusion	croissant	0.02	2452
7	83649	-10000	10000	rapide	decroissant	0.01	2368
4	43124	-10000	10000	insertion	croissant	0.02	2252
5	53669	-10000	10000	fusion	constant	0.03	2448
5	53669	-10000	10000	radix	croissant	0.02	2196
6	26099	-10000	10000	radix	aleatoire	0.01	2300
7	83649	-10000	10000	rapide	croissant	0.01	2376
3	91935	-10000	10000	fusion	decroissant	0.06	3228
5	53669	-10000	10000	fusion	aleatoire	0.05	2440
8	61607	-10000	10000	radix	decroissant	0.03	2564
3	91935	-10000	10000	fusion	croissant	0.06	3248
5	53669	-10000	10000	insertion	constant	0.02	2356
6	26099	-10000	10000	fusion	decroissant	0.02	2408
3	91935	-10000	10000	fusion	aleatoire	0.08	3236
4	43124	-10000	10000	radix	croissant	0.02	2332
8	61607	-10000	10000	rapide	aleatoire	0.02	2388
8	61607	-10000	10000	insertion	croissant	0.02	2568
8	61607	-10000	10000	rapide	croissant	0.01	2284
7	83649	-10000	10000	radix	constant	0.01	2516
8	61607	-10000	10000	radix	croissant	0.03	2512
8	61607	-10000	10000	radix	aleatoire	0.02	2476
8	61607	-10000	10000	insertion	constant	0.02	2516
8	61607	-10000	10000	fusion	constant	0.04	2716
7	83649	-10000	10000	rapide	aleatoire	0.02	2316
7	83649	-10000	10000	radix	decroissant	0.04	2644
8	61607	-10000	10000	fusion	decroissant	0.04	2792
7	83649	-10000	10000	insertion	croissant	0.02	2476
9	40562	-10000	10000	fusion	decroissant	0.03	2424
7	83649	-10000	10000	radix	aleatoire	0.04	2592
9	40562	-10000	10000	fusion	constant	0.02	2528
5	53669	-10000	10000	fusion	croissant	0.03	2444
8	61607	-10000	10000	rapide	decroissant	0.00	2380
8	61607	-10000	10000	radix	constant	0.01	2476
7	83649	-10000	10000	fusion	decroissant	0.06	2964
9	40562	-10000	10000	fusion	aleatoire	0.03	2464
7	83649	-10000	10000	fusion	constant	0.05	3016
9	40562	-10000	10000	rapide	aleatoire	0.00	2124
11	13197	-10000	10000	radix	constant	0.00	2168
7	83649	-10000	10000	fusion	croissant	0.06	2980
9	40562	-10000	10000	radix	constant	0.01	2300
11	13197	-10000	10000	insertion	constant	0.00	2352
9	40562	-10000	10000	insertion	croissant	0.01	2324
8	61607	-10000	10000	fusion	aleatoire	0.06	2856
10	75157	-10000	10000	radix	constant	0.01	2564
8	61607	-10000	10000	fusion	croissant	0.04	2792
9	40562	-10000	10000	radix	decroissant	0.01	2228
11	13197	-10000	10000	fusion	decroissant	0.00	2460
7	83649	-10000	10000	fusion	aleatoire	0.07	2904
10	75157	-10000	10000	rapide	decroissant	0.01	2348
7	83649	-10000	10000	insertion	constant	0.03	2588
11	13197	-10000	10000	rapide	decroissant	0.00	2204
9	40562	-10000	10000	radix	aleatoire	0.02	2196
9	40562	-10000	10000	radix	croissant	0.02	2280
9	40562	-10000	10000	rapide	decroissant	0.00	2124
9	40562	-10000	10000	fusion	croissant	0.02	2448
9	40562	-10000	10000	insertion	constant	0.01	2176
10	75157	-10000	10000	rapide	aleatoire	0.02	2264
9	40562	-10000	10000	rapide	croissant	0.00	2132
10	75157	-10000	10000	fusion	decroissant	0.06	2868
7	83649	-10000	10000	radix	croissant	0.04	2636
10	75157	-10000	10000	radix	aleatoire	0.03	2648
10	75157	-10000	10000	insertion	constant	0.03	2572
11	13197	-10000	10000	rapide	aleatoire	0.00	2000
10	75157	-10000	10000	rapide	croissant	0.01	2396
11	13197	-10000	10000	radix	croissant	0.00	2324
10	75157	-10000	10000	insertion	croissant	0.03	2584
10	75157	-10000	10000	radix	croissant	0.04	2660
10	75157	-10000	10000	fusion	aleatoire	0.07	2876
12	60536	-10000	10000	insertion	constant	0.02	2476
11	13197	-10000	10000	fusion	aleatoire	0.01	2512
10	75157	-10000	10000	radix	decroissant	0.04	2664
11	13197	-10000	10000	insertion	croissant	0.00	2236
12	60536	-10000	10000	radix	constant	0.01	2584
11	13197	-10000	10000	radix	aleatoire	0.00	2320
12	60536	-10000	10000	radix	decroissant	0.03	2584
11	13197	-10000	10000	fusion	constant	0.01	2456
11	13197	-10000	10000	fusion	croissant	0.01	2448
12	60536	-10000	10000	rapide	croissant	0.01	2380
11	13197	-10000	10000	rapide	croissant	0.00	2036
11	13197	-10000	10000	radix	decroissant	0.00	2444
10	75157	-10000	10000	fusion	constant	0.04	2752
12	60536	-10000	10000	rapide	aleatoire	0.02	2284
12	60536	-10000	10000	rapide	decroissant	0.00	2308
13	93142	-10000	10000	rapide	decroissant	0.02	2660
12	60536	-10000	10000	fusion	croissant	0.04	2772
12	60536	-10000	10000	radix	aleatoire	0.03	2440
13	93142	-10000	10000	radix	constant	0.02	2776
12	60536	-10000	10000	insertion	croissant	0.02	2592
12	60536	-10000	10000	radix	croissant	0.03	2584
10	75157	-10000	10000	fusion	croissant	0.06	2732
12	60536	-10000	10000	fusion	decroissant	0.03	2704
15	68733	-10000	10000	rapide	croissant	0.01	2296
14	77930	-10000	10000	radix	constant	0.02	2592
13	93142	-10000	10000	rapide	croissant	0.01	2528
15	68733	-10000	10000	rapide	aleatoire	0.02	2348
12	60536	-10000	10000	fusion	aleatoire	0.05	2716
13	93142	-10000	10000	rapide	aleatoire	0.03	2640
14	77930	-10000	10000	insertion	croissant	0.03	2492
14	77930	-10000	10000	rapide	aleatoire	0.02	2388
12	60536	-10000	10000	fusion	constant	0.03	2712
14	77930	-10000	10000	rapide	croissant	0.01	2404
13	93142	-10000	10000	insertion	croissant	0.03	2776
16	34334	-10000	10000	radix	constant	0.00	2316
16	34334	-10000	10000	radix	croissant	0.01	2332
13	93142	-10000	10000	fusion	constant	0.07	3388
16	34334	-10000	10000	insertion	croissant	0.01	2332
14	77930	-10000	10000	rapide	decroissant	0.01	2348
16	34334	-10000	10000	rapide	aleatoire	0.01	2016
14	77930	-10000	10000	radix	decroissant	0.04	2604
13	93142	-10000	10000	radix	croissant	0.05	2904
16	34334	-10000	10000	radix	decroissant	0.01	2332
15	68733	-10000	10000	rapide	decroissant	0.01	2320
16	34334	-10000	10000	rapide	decroissant	0.00	2016
13	93142	-10000	10000	insertion	constant	0.04	2848
16	34334	-10000	10000	fusion	constant	0.02	2372
18	10470	-10000	10000	fusion	decroissant	0.00	2284
16	34334	-10000	10000	fusion	decroissant	0.02	2444
18	10470	-10000	10000	insertion	croissant	0.00	2284
13	93142	-10000	10000	radix	decroissant	0.05	2884
15	68733	-10000	10000	radix	constant	0.01	2596
18	10470	-10000	10000	rapide	croissant	0.00	2136
14	77930	-10000	10000	radix	croissant	0.03	2628
16	34334	-10000	10000	fusion	croissant	0.02	2392
14	77930	-10000	10000	radix	aleatoire	0.04	2636
18	10470	-10000	10000	radix	croissant	0.00	2408
13	93142	-10000	10000	fusion	decroissant	0.06	3224
16	34334	-10000	10000	insertion	constant	0.01	2256
15	68733	-10000	10000	insertion	croissant	0.02	2512
18	10470	-10000	10000	insertion	constant	0.00	2284
18	10470	-10000	10000	rapide	aleatoire	0.00	2132
18	10470	-10000	10000	radix	constant	0.00	2204
18	10470	-10000	10000	rapide	decroissant	0.00	2040
16	34334	-10000	10000	rapide	croissant	0.00	2056
18	10470	-10000	10000	radix	decroissant	0.00	3552
15	68733	-10000	10000	radix	croissant	0.03	2728
14	77930	-10000	10000	fusion	constant	0.05	2844
13	93142	-10000	10000	fusion	croissant	0.06	3300
17	95025	-10000	10000	rapide	croissant	0.02	2632
19	34252	-10000	10000	rapide	decroissant	0.00	2136
15	68733	-10000	10000	radix	decroissant	0.04	2648
14	77930	-10000	10000	fusion	decroissant	0.05	2900
17	95025	-10000	10000	radix	constant	0.02	2852
18	10470	-10000	10000	fusion	constant	0.00	2412
15	68733	-10000	10000	insertion	constant	0.02	2592
19	34252	-10000	10000	rapide	croissant	0.00	2032
18	10470	-10000	10000	radix	aleatoire	0.00	2296
19	34252	-10000	10000	radix	constant	0.00	2356
18	10470	-10000	10000	fusion	croissant	0.00	2464
18	10470	-10000	10000	fusion	aleatoire	0.00	2464
20	13892	-10000	10000	radix	constant	0.00	2360
15	68733	-10000	10000	radix	aleatoire	0.03	2612
20	13892	-10000	10000	fusion	constant	0.01	2520
17	95025	-10000	10000	rapide	decroissant	0.02	2572
13	93142	-10000	10000	radix	aleatoire	0.05	2884
16	34334	-10000	10000	radix	aleatoire	0.01	2336
16	34334	-10000	10000	fusion	aleatoire	0.02	2508
20	13892	-10000	10000	rapide	croissant	0.00	2168
19	34252	-10000	10000	rapide	aleatoire	0.01	2032
20	13892	-10000	10000	fusion	aleatoire	0.01	2344
20	13892	-10000	10000	rapide	aleatoire	0.00	2008
17	95025	-10000	10000	rapide	aleatoire	0.02	2528
14	77930	-10000	10000	fusion	croissant	0.05	2884
13	93142	-10000	10000	fusion	aleatoire	0.08	3232
19	34252	-10000	10000	radix	croissant	0.01	2176
20	13892	-10000	10000	insertion	constant	0.00	2360
20	13892	-10000	10000	radix	croissant	0.00	2364
19	34252	-10000	10000	insertion	croissant	0.01	2320
20	13892	-10000	10000	radix	decroissant	0.00	2512
20	13892	-10000	10000	rapide	decroissant	0.00	2052
19	34252	-10000	10000	fusion	croissant	0.02	2472
20	13892	-10000	10000	insertion	croissant	0.00	2360
19	34252	-10000	10000	fusion	constant	0.02	2596
14	77930	-10000	10000	insertion	constant	0.03	2592
21	32106	-10000	10000	rapide	decroissant	0.00	2132
15	68733	-10000	10000	fusion	aleatoire	0.05	2728
15	68733	-10000	10000	fusion	croissant	0.05	2832
20	13892	-10000	10000	fusion	decroissant	0.01	2468
19	34252	-10000	10000	radix	decroissant	0.01	2320
19	34252	-10000	10000	insertion	constant	0.01	2320
20	13892	-10000	10000	fusion	croissant	0.01	2344
17	95025	-10000	10000	insertion	constant	0.03	2780
19	34252	-10000	10000	fusion	decroissant	0.02	2456
14	77930	-10000	10000	fusion	aleatoire	0.06	2896
21	32106	-10000	10000	rapide	aleatoire	0.01	2056
17	95025	-10000	10000	radix	decroissant	0.04	2900
17	95025	-10000	10000	insertion	croissant	0.04	2860
20	13892	-10000	10000	radix	aleatoire	0.00	2460
19	34252	-10000	10000	radix	aleatoire	0.01	2176
21	32106	-10000	10000	rapide	croissant	0.00	2052
19	34252	-10000	10000	fusion	aleatoire	0.03	2432
21	32106	-10000	10000	radix	constant	0.00	2336
21	32106	-10000	10000	radix	aleatoire	0.01	2252
15	68733	-10000	10000	fusion	constant	0.05	2708
21	32106	-10000	10000	radix	decroissant	0.01	2328
15	68733	-10000	10000	fusion	decroissant	0.05	2852
21	32106	-10000	10000	insertion	constant	0.01	2328
17	95025	-10000	10000	radix	aleatoire	0.05	2928
23	5008	-10000	10000	insertion	croissant	0.00	2292
21	32106	-10000	10000	insertion	croissant	0.01	2228
21	32106	-10000	10000	fusion	decroissant	0.02	2452
22	34150	-10000	10000	rapide	aleatoire	0.01	2128
21	32106	-10000	10000	fusion	constant	0.02	2360
22	34150	-10000	10000	rapide	decroissant	0.00	2136
22	34150	-10000	10000	radix	constant	0.00	2228
17	95025	-10000	10000	fusion	decroissant	0.06	3244
23	5008	-10000	10000	rapide	decroissant	0.00	1940
21	32106	-10000	10000	radix	croissant	0.01	2324
23	5008	-10000	10000	rapide	aleatoire	0.00	2096
17	95025	-10000	10000	fusion	constant	0.06	3188
1	16980	-10000	10000	insertion	aleatoire	0.43	2096
22	34150	-10000	10000	insertion	constant	0.01	2252
23	5008	-10000	10000	radix	croissant	0.00	2364
24	53626	-10000	10000	radix	constant	0.01	2232
17	95025	-10000	10000	radix	croissant	0.04	2900
21	32106	-10000	10000	fusion	croissant	0.02	2444
23	5008	-10000	10000	fusion	constant	0.00	2336
22	34150	-10000	10000	rapide	croissant	0.00	2032
22	34150	-10000	10000	radix	croissant	0.01	2328
22	34150	-10000	10000	insertion	croissant	0.01	2308
21	32106	-10000	10000	fusion	aleatoire	0.03	2460
23	5008	-10000	10000	insertion	constant	0.00	2108
23	5008	-10000	10000	radix	aleatoire	0.00	2212
23	5008	-10000	10000	radix	decroissant	0.00	2212
23	5008	-10000	10000	fusion	decroissant	0.00	2148
23	5008	-10000	10000	radix	constant	0.00	2180
22	34150	-10000	10000	radix	decroissant	0.02	2356
23	5008	-10000	10000	fusion	croissant	0.00	2288
17	95025	-10000	10000	fusion	croissant	0.07	3216
23	5008	-10000	10000	rapide	croissant	0.00	2052
11	13197	-10000	10000	insertion	aleatoire	0.25	2392
17	95025	-10000	10000	fusion	aleatoire	0.08	3248
22	34150	-10000	10000	fusion	constant	0.02	2444
22	34150	-10000	10000	radix	aleatoire	0.01	2328
23	5008	-10000	10000	fusion	aleatoire	0.00	2204
24	53626	-10000	10000	rapide	decroissant	0.01	2052
22	34150	-10000	10000	fusion	decroissant	0.02	2432
22	34150	-10000	10000	fusion	aleatoire	0.03	2372
22	34150	-10000	10000	fusion	croissant	0.02	2424
24	53626	-10000	10000	insertion	croissant	0.02	2328
24	53626	-10000	10000	rapide	croissant	0.01	2000
23	5008	-10000	10000	insertion	aleatoire	0.04	2288
24	53626	-10000	10000	radix	aleatoire	0.02	2252
24	53626	-10000	10000	fusion	aleatoire	0.04	2392
24	53626	-10000	10000	radix	decroissant	0.02	2308
24	53626	-10000	10000	insertion	constant	0.02	2308
24	53626	-10000	10000	fusion	constant	0.03	2472
25	92370	-10000	10000	rapide	aleatoire	0.02	2572
24	53626	-10000	10000	radix	croissant	0.03	2332
24	53626	-10000	10000	rapide	aleatoire	0.01	2136
26	57774	-10000	10000	radix	constant	0.01	2476
24	53626	-10000	10000	fusion	decroissant	0.03	2452
26	57774	-10000	10000	rapide	decroissant	0.01	2376
26	57774	-10000	10000	rapide	croissant	0.01	2400
25	92370	-10000	10000	radix	constant	0.01	2704
26	57774	-10000	10000	rapide	aleatoire	0.01	2128
25	92370	-10000	10000	rapide	decroissant	0.01	2652
23	5008	-10000	10000	insertion	decroissant	0.08	2348
26	57774	-10000	10000	insertion	croissant	0.02	2232
25	92370	-10000	10000	insertion	constant	0.04	2704
26	57774	-10000	10000	radix	croissant	0.03	2176
27	26722	-10000	10000	radix	constant	0.00	2356
27	26722	-10000	10000	rapide	decroissant	0.00	2000
25	92370	-10000	10000	rapide	croissant	0.02	2528
27	26722	-10000	10000	rapide	aleatoire	0.00	2136
24	53626	-10000	10000	fusion	croissant	0.04	2488
26	57774	-10000	10000	fusion	constant	0.04	2392
25	92370	-10000	10000	radix	croissant	0.04	2988
26	57774	-10000	10000	insertion	constant	0.02	2632
27	26722	-10000	10000	rapide	croissant	0.00	2052
26	57774	-10000	10000	fusion	decroissant	0.03	2772
25	92370	-10000	10000	radix	aleatoire	0.05	2884
26	57774	-10000	10000	radix	decroissant	0.03	2252
27	26722	-10000	10000	insertion	croissant	0.00	2308
25	92370	-10000	10000	insertion	croissant	0.04	2848
27	26722	-10000	10000	insertion	constant	0.01	2252
26	57774	-10000	10000	radix	aleatoire	0.03	2196
27	26722	-10000	10000	radix	aleatoire	0.01	2324
27	26722	-10000	10000	fusion	constant	0.02	2404
26	57774	-10000	10000	fusion	aleatoire	0.04	2448
27	26722	-10000	10000	fusion	decroissant	0.01	2356
27	26722	-10000	10000	radix	decroissant	0.01	2196
27	26722	-10000	10000	fusion	aleatoire	0.01	2356
18	10470	-10000	10000	insertion	aleatoire	0.17	2336
27	26722	-10000	10000	radix	croissant	0.01	2328
25	92370	-10000	10000	radix	decroissant	0.05	2908
23	5008	-10000	10000	rapide	constant	0.12	2060
26	57774	-10000	10000	fusion	croissant	0.04	2448
28	50089	-10000	10000	radix	constant	0.00	2176
27	26722	-10000	10000	fusion	croissant	0.02	2448
28	50089	-10000	10000	fusion	decroissant	0.03	2432
30	7830	-10000	10000	rapide	decroissant	0.00	2020
25	92370	-10000	10000	fusion	constant	0.06	3232
25	92370	-10000	10000	fusion	croissant	0.06	3300
28	50089	-10000	10000	rapide	decroissant	0.00	2124
28	50089	-10000	10000	rapide	croissant	0.01	2032
28	50089	-10000	10000	insertion	constant	0.01	2300
30	7830	-10000	10000	fusion	decroissant	0.00	2264
28	50089	-10000	10000	rapide	aleatoire	0.01	2128
30	7830	-10000	10000	radix	croissant	0.00	2252
29	86546	-10000	10000	rapide	croissant	0.01	2328
28	50089	-10000	10000	insertion	croissant	0.02	2332
30	7830	-10000	10000	radix	constant	0.00	2200
25	92370	-10000	10000	fusion	decroissant	0.07	3268
29	86546	-10000	10000	radix	constant	0.01	2596
30	7830	-10000	10000	insertion	constant	0.00	2264
28	50089	-10000	10000	radix	decroissant	0.02	2332
30	7830	-10000	10000	fusion	aleatoire	0.00	2368
30	7830	-10000	10000	radix	aleatoire	0.00	2368
28	50089	-10000	10000	radix	aleatoire	0.02	2176
28	50089	-10000	10000	fusion	croissant	0.03	2460
28	50089	-10000	10000	fusion	constant	0.03	2452
30	7830	-10000	10000	rapide	croissant	0.00	2164
30	7830	-10000	10000	radix	decroissant	0.00	2236
30	7830	-10000	10000	fusion	constant	0.00	2380
29	86546	-10000	10000	rapide	decroissant	0.02	2348
29	86546	-10000	10000	radix	decroissant	0.04	2648
29	86546	-10000	10000	insertion	constant	0.03	2584
30	7830	-10000	10000	insertion	croissant	0.00	2264
28	50089	-10000	10000	radix	croissant	0.02	2328
30	7830	-10000	10000	fusion	croissant	0.00	2264
29	86546	-10000	10000	rapide	aleatoire	0.02	2280
30	7830	-10000	10000	rapide	aleatoire	0.00	1988
32	19861	-10000	10000	radix	constant	0.00	2252
28	50089	-10000	10000	fusion	aleatoire	0.04	2456
29	86546	-10000	10000	insertion	croissant	0.03	2584
25	92370	-10000	10000	fusion	aleatoire	0.08	3268
32	19861	-10000	10000	insertion	constant	0.01	2252
32	19861	-10000	10000	rapide	decroissant	0.00	1936
31	88414	-10000	10000	radix	constant	0.01	2592
32	19861	-10000	10000	rapide	aleatoire	0.00	1944
31	88414	-10000	10000	rapide	aleatoire	0.02	2388
32	19861	-10000	10000	fusion	constant	0.01	2268
32	19861	-10000	10000	rapide	croissant	0.00	2020
29	86546	-10000	10000	radix	aleatoire	0.04	2640
31	88414	-10000	10000	rapide	croissant	0.01	2380
32	19861	-10000	10000	radix	aleatoire	0.01	2128
32	19861	-10000	10000	fusion	decroissant	0.01	2332
31	88414	-10000	10000	rapide	decroissant	0.02	2376
32	19861	-10000	10000	radix	croissant	0.01	2124
32	19861	-10000	10000	radix	decroissant	0.01	2188
32	19861	-10000	10000	fusion	croissant	0.01	2376
33	80925	-10000	10000	rapide	aleatoire	0.02	2400
29	86546	-10000	10000	radix	croissant	0.04	2640
32	19861	-10000	10000	insertion	croissant	0.01	2300
33	80925	-10000	10000	rapide	croissant	0.01	2312
31	88414	-10000	10000	radix	decroissant	0.04	2648
29	86546	-10000	10000	fusion	constant	0.05	2972
29	86546	-10000	10000	fusion	decroissant	0.06	2980
32	19861	-10000	10000	fusion	aleatoire	0.01	2224
29	86546	-10000	10000	fusion	croissant	0.06	2916
33	80925	-10000	10000	rapide	decroissant	0.01	2400
31	88414	-10000	10000	insertion	constant	0.04	2588
33	80925	-10000	10000	radix	constant	0.01	2492
31	88414	-10000	10000	radix	croissant	0.04	2648
33	80925	-10000	10000	insertion	croissant	0.03	2572
34	72359	-10000	10000	rapide	croissant	0.01	2400
31	88414	-10000	10000	insertion	croissant	0.03	2460
34	72359	-10000	10000	rapide	aleatoire	0.02	2316
34	72359	-10000	10000	rapide	decroissant	0.01	2244
36	9441	-10000	10000	rapide	decroissant	0.00	2128
35	33218	-10000	10000	insertion	croissant	0.01	2176
35	33218	-10000	10000	rapide	decroissant	0.00	2084
29	86546	-10000	10000	fusion	aleatoire	0.07	3056
33	80925	-10000	10000	radix	decroissant	0.04	2636
36	9441	-10000	10000	radix	aleatoire	0.00	2384
34	72359	-10000	10000	radix	constant	0.01	2596
35	33218	-10000	10000	rapide	aleatoire	0.01	2032
20	13892	-10000	10000	insertion	aleatoire	0.29	2408
33	80925	-10000	10000	radix	aleatoire	0.04	2648
33	80925	-10000	10000	insertion	constant	0.03	2588
36	9441	-10000	10000	insertion	constant	0.00	2328
36	9441	-10000	10000	radix	decroissant	0.00	2264
35	33218	-10000	10000	radix	aleatoire	0.01	2196
31	88414	-10000	10000	radix	aleatoire	0.05	2652
35	33218	-10000	10000	rapide	croissant	0.00	2056
35	33218	-10000	10000	insertion	constant	0.01	2176
36	9441	-10000	10000	rapide	croissant	0.00	2124
34	72359	-10000	10000	radix	aleatoire	0.03	2628
31	88414	-10000	10000	fusion	constant	0.06	2984
31	88414	-10000	10000	fusion	croissant	0.06	2980
34	72359	-10000	10000	insertion	croissant	0.03	2512
36	9441	-10000	10000	radix	croissant	0.00	2208
34	72359	-10000	10000	insertion	constant	0.02	2572
35	33218	-10000	10000	radix	croissant	0.01	2308
35	33218	-10000	10000	radix	constant	0.00	2320
36	9441	-10000	10000	fusion	croissant	0.00	2288
36	9441	-10000	10000	fusion	aleatoire	0.00	2212
36	9441	-10000	10000	fusion	constant	0.00	2392
34	72359	-10000	10000	radix	decroissant	0.04	2660
36	9441	-10000	10000	insertion	croissant	0.00	2216
36	9441	-10000	10000	radix	constant	0.00	2140
36	9441	-10000	10000	fusion	decroissant	0.00	2400
35	33218	-10000	10000	fusion	decroissant	0.02	2308
33	80925	-10000	10000	fusion	constant	0.05	2980
36	9441	-10000	10000	rapide	aleatoire	0.00	2080
31	88414	-10000	10000	fusion	aleatoire	0.07	3036
31	88414	-10000	10000	fusion	decroissant	0.06	3036
35	33218	-10000	10000	fusion	croissant	0.02	2304
33	80925	-10000	10000	radix	croissant	0.03	2640
35	33218	-10000	10000	fusion	constant	0.02	2324
35	33218	-10000	10000	radix	decroissant	0.01	2332
37	97493	-10000	10000	rapide	decroissant	0.02	2544
34	72359	-10000	10000	fusion	decroissant	0.05	2900
34	72359	-10000	10000	fusion	constant	0.05	2848
37	97493	-10000	10000	rapide	croissant	0.02	2564
35	33218	-10000	10000	fusion	aleatoire	0.03	2452
34	72359	-10000	10000	radix	croissant	0.03	2724
33	80925	-10000	10000	fusion	croissant	0.06	2900
38	82967	-10000	10000	rapide	croissant	0.01	2388
30	7830	-10000	10000	insertion	aleatoire	0.09	2216
34	72359	-10000	10000	fusion	croissant	0.05	2848
38	82967	-10000	10000	rapide	aleatoire	0.02	2348
39	58562	-10000	10000	radix	constant	0.00	4560
37	97493	-10000	10000	radix	constant	0.02	2728
38	82967	-10000	10000	insertion	constant	0.02	2516
33	80925	-10000	10000	fusion	aleatoire	0.07	2760
39	58562	-10000	10000	rapide	croissant	0.01	2316
38	82967	-10000	10000	radix	constant	0.01	2584
39	58562	-10000	10000	rapide	decroissant	0.01	2280
33	80925	-10000	10000	fusion	decroissant	0.06	2808
34	72359	-10000	10000	fusion	aleatoire	0.06	2904
39	58562	-10000	10000	rapide	aleatoire	0.01	2388
37	97493	-10000	10000	insertion	constant	0.04	2860
37	97493	-10000	10000	rapide	aleatoire	0.03	2564
39	58562	-10000	10000	insertion	croissant	0.02	2592
38	82967	-10000	10000	insertion	croissant	0.03	2620
37	97493	-10000	10000	radix	aleatoire	0.05	2988
40	47924	-10000	10000	rapide	decroissant	0.01	2124
38	82967	-10000	10000	rapide	decroissant	0.01	2392
40	47924	-10000	10000	rapide	aleatoire	0.01	2128
39	58562	-10000	10000	radix	aleatoire	0.02	2624
40	47924	-10000	10000	rapide	croissant	0.01	2044
37	97493	-10000	10000	insertion	croissant	0.04	2852
40	47924	-10000	10000	radix	constant	0.00	2332
39	58562	-10000	10000	radix	decroissant	0.03	2440
40	47924	-10000	10000	insertion	constant	0.01	2336
40	47924	-10000	10000	radix	croissant	0.02	2216
38	82967	-10000	10000	radix	aleatoire	0.05	2644
40	47924	-10000	10000	radix	aleatoire	0.02	2176
41	96380	-10000	10000	rapide	decroissant	0.02	2660
39	58562	-10000	10000	insertion	constant	0.02	2572
40	47924	-10000	10000	fusion	croissant	0.03	2424
37	97493	-10000	10000	radix	decroissant	0.04	2912
39	58562	-10000	10000	radix	croissant	0.03	2480
38	82967	-10000	10000	fusion	constant	0.05	2944
39	58562	-10000	10000	fusion	decroissant	0.04	2712
40	47924	-10000	10000	fusion	constant	0.03	2396
37	97493	-10000	10000	fusion	croissant	0.07	3216
38	82967	-10000	10000	radix	croissant	0.04	2632
42	73075	-10000	10000	rapide	decroissant	0.01	2388
39	58562	-10000	10000	fusion	constant	0.04	2704
40	47924	-10000	10000	radix	decroissant	0.02	2332
40	47924	-10000	10000	insertion	croissant	0.02	2328
42	73075	-10000	10000	rapide	croissant	0.01	2296
38	82967	-10000	10000	fusion	croissant	0.06	2944
41	96380	-10000	10000	rapide	croissant	0.02	2604
37	97493	-10000	10000	radix	croissant	0.04	2912
40	47924	-10000	10000	fusion	aleatoire	0.04	2476
41	96380	-10000	10000	rapide	aleatoire	0.02	2576
41	96380	-10000	10000	radix	constant	0.02	2828
42	73075	-10000	10000	rapide	aleatoire	0.02	2400
38	82967	-10000	10000	radix	decroissant	0.05	2640
40	47924	-10000	10000	fusion	decroissant	0.03	2452
42	73075	-10000	10000	radix	constant	0.01	2584
43	56367	-10000	10000	rapide	croissant	0.00	2084
43	56367	-10000	10000	rapide	aleatoire	0.01	2016
43	56367	-10000	10000	insertion	croissant	0.02	2212
39	58562	-10000	10000	fusion	croissant	0.04	2712
43	56367	-10000	10000	radix	constant	0.00	2196
43	56367	-10000	10000	rapide	decroissant	0.00	2052
38	82967	-10000	10000	fusion	decroissant	0.06	2868
39	58562	-10000	10000	fusion	aleatoire	0.05	2712
42	73075	-10000	10000	radix	decroissant	0.03	2648
41	96380	-10000	10000	radix	decroissant	0.05	2924
44	34899	-10000	10000	rapide	decroissant	0.00	2124
37	97493	-10000	10000	fusion	constant	0.06	3248
44	34899	-10000	10000	radix	constant	0.00	2332
42	73075	-10000	10000	insertion	constant	0.03	2440
44	34899	-10000	10000	rapide	croissant	0.00	2000
43	56367	-10000	10000	insertion	constant	0.02	2300
42	73075	-10000	10000	fusion	constant	0.05	2744
38	82967	-10000	10000	fusion	aleatoire	0.06	2888
44	34899	-10000	10000	rapide	aleatoire	0.01	2044
37	97493	-10000	10000	fusion	decroissant	0.07	3240
41	96380	-10000	10000	insertion	croissant	0.04	2864
45	37951	-10000	10000	rapide	croissant	0.00	2000
41	96380	-10000	10000	insertion	constant	0.04	2780
44	34899	-10000	10000	insertion	constant	0.01	2300
42	73075	-10000	10000	radix	aleatoire	0.03	2724
41	96380	-10000	10000	radix	croissant	0.04	2916
44	34899	-10000	10000	radix	aleatoire	0.01	2228
44	34899	-10000	10000	radix	croissant	0.01	2256
42	73075	-10000	10000	insertion	croissant	0.03	2596
37	97493	-10000	10000	fusion	aleatoire	0.08	3284
45	37951	-10000	10000	rapide	decroissant	0.00	2136
42	73075	-10000	10000	radix	croissant	0.03	2628
44	34899	-10000	10000	insertion	croissant	0.01	2300
44	34899	-10000	10000	radix	decroissant	0.02	2252
43	56367	-10000	10000	fusion	aleatoire	0.05	2528
43	56367	-10000	10000	radix	decroissant	0.03	2312
43	56367	-10000	10000	fusion	croissant	0.04	2432
43	56367	-10000	10000	radix	croissant	0.03	2248
42	73075	-10000	10000	fusion	croissant	0.05	2848
45	37951	-10000	10000	radix	constant	0.00	2164
41	96380	-10000	10000	radix	aleatoire	0.05	2912
41	96380	-10000	10000	fusion	constant	0.07	3176
44	34899	-10000	10000	fusion	croissant	0.02	2592
42	73075	-10000	10000	fusion	decroissant	0.05	2828
43	56367	-10000	10000	radix	aleatoire	0.02	2312
41	96380	-10000	10000	fusion	croissant	0.07	3184
45	37951	-10000	10000	insertion	croissant	0.01	2180
30	7830	-10000	10000	insertion	decroissant	0.18	2364
45	37951	-10000	10000	rapide	aleatoire	0.01	2112
18	10470	-10000	10000	insertion	decroissant	0.33	2376
45	37951	-10000	10000	insertion	constant	0.00	2324
44	34899	-10000	10000	fusion	constant	0.02	2408
43	56367	-10000	10000	fusion	decroissant	0.04	2372
44	34899	-10000	10000	fusion	decroissant	0.02	2392
44	34899	-10000	10000	fusion	aleatoire	0.03	2392
43	56367	-10000	10000	fusion	constant	0.03	2436
45	37951	-10000	10000	radix	aleatoire	0.02	2248
45	37951	-10000	10000	radix	croissant	0.02	2196
45	37951	-10000	10000	radix	decroissant	0.02	2332
45	37951	-10000	10000	fusion	croissant	0.02	2500
36	9441	-10000	10000	insertion	aleatoire	0.14	2324
46	77638	-10000	10000	rapide	croissant	0.01	2400
46	77638	-10000	10000	rapide	decroissant	0.01	2368
45	37951	-10000	10000	fusion	decroissant	0.03	2592
41	96380	-10000	10000	fusion	decroissant	0.07	3280
46	77638	-10000	10000	radix	constant	0.01	2572
45	37951	-10000	10000	fusion	constant	0.02	2452
42	73075	-10000	10000	fusion	aleatoire	0.06	2800
46	77638	-10000	10000	rapide	aleatoire	0.02	2368
47	50601	-10000	10000	rapide	decroissant	0.01	2128
47	50601	-10000	10000	rapide	croissant	0.01	2112
47	50601	-10000	10000	insertion	croissant	0.02	2332
46	77638	-10000	10000	insertion	croissant	0.02	2512
45	37951	-10000	10000	fusion	aleatoire	0.03	2596
46	77638	-10000	10000	insertion	constant	0.02	2620
47	50601	-10000	10000	radix	constant	0.00	2332
41	96380	-10000	10000	fusion	aleatoire	0.08	3176
47	50601	-10000	10000	rapide	aleatoire	0.01	2048
49	2426	-10000	10000	fusion	croissant	0.00	2212
49	2426	-10000	10000	rapide	decroissant	0.00	1916
46	77638	-10000	10000	radix	aleatoire	0.03	2632
47	50601	-10000	10000	radix	decroissant	0.02	2228
49	2426	-10000	10000	fusion	constant	0.00	2240
47	50601	-10000	10000	fusion	decroissant	0.03	2456
46	77638	-10000	10000	radix	croissant	0.04	2588
49	2426	-10000	10000	radix	constant	0.00	2272
49	2426	-10000	10000	insertion	constant	0.00	2084
48	67462	-10000	10000	rapide	decroissant	0.01	2348
49	2426	-10000	10000	fusion	decroissant	0.00	2336
49	2426	-10000	10000	rapide	aleatoire	0.00	1944
49	2426	-10000	10000	radix	aleatoire	0.00	2284
47	50601	-10000	10000	radix	croissant	0.02	2336
47	50601	-10000	10000	insertion	constant	0.02	2308
48	67462	-10000	10000	rapide	croissant	0.01	2396
47	50601	-10000	10000	radix	aleatoire	0.02	2248
49	2426	-10000	10000	fusion	aleatoire	0.00	2104
49	2426	-10000	10000	insertion	croissant	0.00	2272
46	77638	-10000	10000	fusion	constant	0.05	2968
49	2426	-10000	10000	rapide	croissant	0.00	2072
48	67462	-10000	10000	radix	decroissant	0.03	2644
47	50601	-10000	10000	fusion	croissant	0.03	2460
48	67462	-10000	10000	radix	constant	0.01	2572
48	67462	-10000	10000	rapide	aleatoire	0.02	2280
49	2426	-10000	10000	radix	decroissant	0.00	2312
49	2426	-10000	10000	radix	croissant	0.00	2152
49	2426	-10000	10000	insertion	aleatoire	0.01	2260
47	50601	-10000	10000	fusion	constant	0.03	2424
48	67462	-10000	10000	fusion	croissant	0.04	2968
48	67462	-10000	10000	insertion	croissant	0.02	2592
50	606	-10000	10000	insertion	aleatoire	0.00	2312
50	606	-10000	10000	radix	decroissant	0.00	2128
46	77638	-10000	10000	fusion	decroissant	0.05	3016
50	606	-10000	10000	fusion	aleatoire	0.00	2304
50	606	-10000	10000	insertion	croissant	0.00	2300
50	606	-10000	10000	rapide	decroissant	0.00	1904
46	77638	-10000	10000	fusion	croissant	0.05	3016
50	606	-10000	10000	rapide	aleatoire	0.00	2108
50	606	-10000	10000	insertion	constant	0.00	2296
50	606	-10000	10000	fusion	constant	0.00	2216
50	606	-10000	10000	radix	constant	0.00	2144
50	606	-10000	10000	insertion	decroissant	0.00	2260
50	606	-10000	10000	fusion	decroissant	0.00	2212
50	606	-10000	10000	rapide	constant	0.00	2080
50	606	-10000	10000	radix	croissant	0.00	2304
48	67462	-10000	10000	radix	aleatoire	0.03	2644
49	2426	-10000	10000	insertion	decroissant	0.02	2276
48	67462	-10000	10000	insertion	constant	0.02	2596
50	606	-10000	10000	rapide	croissant	0.00	1904
50	606	-10000	10000	radix	aleatoire	0.00	2208
46	77638	-10000	10000	radix	decroissant	0.04	2728
49	2426	-10000	10000	rapide	constant	0.02	1964
50	606	-10000	10000	fusion	croissant	0.00	2080
47	50601	-10000	10000	fusion	aleatoire	0.04	2512
48	67462	-10000	10000	radix	croissant	0.03	2632
48	67462	-10000	10000	fusion	constant	0.04	2984
46	77638	-10000	10000	fusion	aleatoire	0.07	2980
48	67462	-10000	10000	fusion	decroissant	0.05	2976
48	67462	-10000	10000	fusion	aleatoire	0.06	2984
11	13197	-10000	10000	insertion	decroissant	0.55	2304
1	16980	-10000	10000	insertion	decroissant	0.87	2288
18	10470	-10000	10000	rapide	constant	0.50	2028
30	7830	-10000	10000	rapide	constant	0.30	2092
36	9441	-10000	10000	insertion	decroissant	0.28	2376
36	9441	-10000	10000	rapide	constant	0.41	2132
20	13892	-10000	10000	insertion	decroissant	0.62	2404
11	13197	-10000	10000	rapide	constant	0.82	2168
32	19861	-10000	10000	insertion	aleatoire	0.63	2124
6	26099	-10000	10000	insertion	aleatoire	1.09	2248
20	13892	-10000	10000	rapide	constant	0.91	2232
1	16980	-10000	10000	rapide	constant	1.36	4072
27	26722	-10000	10000	insertion	aleatoire	1.11	2332
32	19861	-10000	10000	insertion	decroissant	1.29	2252
21	32106	-10000	10000	insertion	aleatoire	1.68	2328
6	26099	-10000	10000	insertion	decroissant	2.12	2196
16	34334	-10000	10000	insertion	aleatoire	1.89	2332
32	19861	-10000	10000	rapide	constant	1.89	2476
19	34252	-10000	10000	insertion	aleatoire	1.92	2172
22	34150	-10000	10000	insertion	aleatoire	1.90	2356
35	33218	-10000	10000	insertion	aleatoire	1.80	2252
9	40562	-10000	10000	insertion	aleatoire	2.59	2308
4	43124	-10000	10000	insertion	aleatoire	2.95	2308
44	34899	-10000	10000	insertion	aleatoire	1.95	2328
27	26722	-10000	10000	insertion	decroissant	2.34	2336
45	37951	-10000	10000	insertion	aleatoire	2.33	2308
22	34150	-10000	10000	insertion	decroissant	3.61	2300
6	26099	-10000	10000	rapide	constant	3.26	3672
21	32106	-10000	10000	insertion	decroissant	3.28	2308
16	34334	-10000	10000	insertion	decroissant	3.77	2176
27	26722	-10000	10000	rapide	constant	3.46	4436
35	33218	-10000	10000	insertion	decroissant	3.50	2308
19	34252	-10000	10000	insertion	decroissant	3.80	2308
40	47924	-10000	10000	insertion	aleatoire	3.66	2328
28	50089	-10000	10000	insertion	aleatoire	3.99	2356
44	34899	-10000	10000	insertion	decroissant	3.90	2252
47	50601	-10000	10000	insertion	aleatoire	4.14	2232
5	53669	-10000	10000	insertion	aleatoire	4.59	2228
9	40562	-10000	10000	insertion	decroissant	5.28	2328
24	53626	-10000	10000	insertion	aleatoire	4.62	2248
21	32106	-10000	10000	rapide	constant	4.94	5828
43	56367	-10000	10000	insertion	aleatoire	5.15	2620
45	37951	-10000	10000	insertion	decroissant	4.64	2252
22	34150	-10000	10000	rapide	constant	5.58	6068
26	57774	-10000	10000	insertion	aleatoire	5.38	2588
16	34334	-10000	10000	rapide	constant	5.70	4452
39	58562	-10000	10000	insertion	aleatoire	5.47	2572
4	43124	-10000	10000	insertion	decroissant	5.88	2328
12	60536	-10000	10000	insertion	aleatoire	5.91	2460
19	34252	-10000	10000	rapide	constant	5.65	4568
8	61607	-10000	10000	insertion	aleatoire	6.18	2572
35	33218	-10000	10000	rapide	constant	5.36	5840
44	34899	-10000	10000	rapide	constant	5.90	6024
15	68733	-10000	10000	insertion	aleatoire	7.70	2584
9	40562	-10000	10000	rapide	constant	7.90	6004
45	37951	-10000	10000	rapide	constant	6.96	6068
40	47924	-10000	10000	insertion	decroissant	7.38	2300
28	50089	-10000	10000	insertion	decroissant	7.99	2292
48	67462	-10000	10000	insertion	aleatoire	7.41	2440
42	73075	-10000	10000	insertion	aleatoire	8.53	2476
4	43124	-10000	10000	rapide	constant	8.91	5468
34	72359	-10000	10000	insertion	aleatoire	8.38	2520
47	50601	-10000	10000	insertion	decroissant	8.28	2324
5	53669	-10000	10000	insertion	decroissant	9.26	2308
10	75157	-10000	10000	insertion	aleatoire	9.02	2460
2	77988	-10000	10000	insertion	aleatoire	9.79	2588
24	53626	-10000	10000	insertion	decroissant	9.37	2320
14	77930	-10000	10000	insertion	aleatoire	9.84	2588
43	56367	-10000	10000	insertion	decroissant	10.29	2596
46	77638	-10000	10000	insertion	aleatoire	9.73	2492
40	47924	-10000	10000	rapide	constant	11.08	6912
26	57774	-10000	10000	insertion	decroissant	10.73	2596
38	82967	-10000	10000	insertion	aleatoire	11.20	2592
33	80925	-10000	10000	insertion	aleatoire	10.32	2440
39	58562	-10000	10000	insertion	decroissant	11.04	2480
7	83649	-10000	10000	insertion	aleatoire	11.27	2584
12	60536	-10000	10000	insertion	decroissant	11.76	2592
8	61607	-10000	10000	insertion	decroissant	12.05	2564
29	86546	-10000	10000	insertion	aleatoire	12.18	2564
28	50089	-10000	10000	rapide	constant	12.13	6852
47	50601	-10000	10000	rapide	constant	12.47	6568
31	88414	-10000	10000	insertion	aleatoire	12.68	2436
5	53669	-10000	10000	rapide	constant	13.96	6540
3	91935	-10000	10000	insertion	aleatoire	13.51	2832
25	92370	-10000	10000	insertion	aleatoire	13.80	2836
13	93142	-10000	10000	insertion	aleatoire	14.01	2860
24	53626	-10000	10000	rapide	constant	13.94	5892
15	68733	-10000	10000	insertion	decroissant	15.06	2476
48	67462	-10000	10000	insertion	decroissant	14.45	2596
17	95025	-10000	10000	insertion	aleatoire	14.62	2776
41	96380	-10000	10000	insertion	aleatoire	14.81	2848
43	56367	-10000	10000	rapide	constant	15.33	7212
37	97493	-10000	10000	insertion	aleatoire	15.36	2708
26	57774	-10000	10000	rapide	constant	16.10	6660
39	58562	-10000	10000	rapide	constant	16.55	7836
34	72359	-10000	10000	insertion	decroissant	16.80	2516
42	73075	-10000	10000	insertion	decroissant	17.03	2572
8	61607	-10000	10000	rapide	constant	18.43	6728
10	75157	-10000	10000	insertion	decroissant	17.89	2572
12	60536	-10000	10000	rapide	constant	17.73	6152
14	77930	-10000	10000	insertion	decroissant	19.22	2592
46	77638	-10000	10000	insertion	decroissant	19.28	2584
2	77988	-10000	10000	insertion	decroissant	19.46	2436
33	80925	-10000	10000	insertion	decroissant	20.89	2580
7	83649	-10000	10000	insertion	decroissant	21.55	2512
29	86546	-10000	10000	insertion	decroissant	22.58	2588
48	67462	-10000	10000	rapide	constant	21.98	8620
31	88414	-10000	10000	insertion	decroissant	22.84	2476
38	82967	-10000	10000	insertion	decroissant	21.66	2536
15	68733	-10000	10000	rapide	constant	22.53	6628
34	72359	-10000	10000	rapide	constant	24.03	8848
46	77638	-10000	10000	rapide	constant	24.76	8176
14	77930	-10000	10000	rapide	constant	23.98	8572
41	96380	-10000	10000	insertion	decroissant	24.99	2776
13	93142	-10000	10000	insertion	decroissant	25.69	2860
10	75157	-10000	10000	rapide	constant	24.55	7752
3	91935	-10000	10000	insertion	decroissant	26.48	4484
42	73075	-10000	10000	rapide	constant	25.44	8184
25	92370	-10000	10000	insertion	decroissant	24.89	2724
17	95025	-10000	10000	insertion	decroissant	25.82	2704
2	77988	-10000	10000	rapide	constant	26.27	8044
38	82967	-10000	10000	rapide	constant	27.40	9584
37	97493	-10000	10000	insertion	decroissant	27.75	2780
33	80925	-10000	10000	rapide	constant	27.78	9044
7	83649	-10000	10000	rapide	constant	29.64	9448
31	88414	-10000	10000	rapide	constant	29.67	8840
3	91935	-10000	10000	rapide	constant	30.74	9408
29	86546	-10000	10000	rapide	constant	30.64	9108
13	93142	-10000	10000	rapide	constant	32.70	9568
41	96380	-10000	10000	rapide	constant	31.85	9976
25	92370	-10000	10000	rapide	constant	32.49	9324
17	95025	-10000	10000	rapide	constant	33.69	10480
37	97493	-10000	10000	rapide	constant	34.19	9148
