iTest	taille	min	max	nom_tri	type_tab	temps	mem
3	4669	-10000	10000	insertion	u	0.00	2196
3	4669	-10000	10000	radix	u	0.00	2144
2	24743	-10000	10000	radix	u	0.00	2332
3	4669	-10000	10000	fusion	u	0.00	2312
2	24743	-10000	10000	insertion	u	0.01	2188
4	21845	-10000	10000	radix	u	0.00	2328
4	21845	-10000	10000	insertion	u	0.00	2216
2	24743	-10000	10000	fusion	u	0.01	2416
1	97037	-10000	10000	radix	u	0.02	3652
5	99591	-10000	10000	radix	u	0.01	3504
4	21845	-10000	10000	fusion	u	0.01	2444
9	17217	-10000	10000	radix	u	0.00	2324
1	97037	-10000	10000	insertion	u	0.03	3500
10	6497	-10000	10000	radix	u	0.00	3688
10	6497	-10000	10000	insertion	u	0.00	2168
7	57032	-10000	10000	radix	u	0.01	2856
9	17217	-10000	10000	insertion	u	0.01	2212
6	91780	-10000	10000	radix	u	0.02	3360
10	6497	-10000	10000	fusion	u	0.00	2408
7	57032	-10000	10000	insertion	u	0.01	2708
9	17217	-10000	10000	fusion	u	0.00	2408
12	25902	-10000	10000	radix	u	0.00	2268
8	89111	-10000	10000	radix	u	0.02	3312
11	52369	-10000	10000	radix	u	0.01	2852
6	91780	-10000	10000	insertion	u	0.04	3368
12	25902	-10000	10000	insertion	u	0.01	2244
11	52369	-10000	10000	insertion	u	0.02	2760
5	99591	-10000	10000	insertion	u	0.05	3648
7	57032	-10000	10000	fusion	u	0.04	2988
12	25902	-10000	10000	fusion	u	0.02	2476
8	89111	-10000	10000	insertion	u	0.04	3384
13	87051	-10000	10000	radix	u	0.02	3272
1	97037	-10000	10000	fusion	u	0.08	4040
11	52369	-10000	10000	fusion	u	0.04	2972
15	22879	-10000	10000	radix	u	0.00	2328
14	65306	-10000	10000	radix	u	0.01	3048
15	22879	-10000	10000	insertion	u	0.01	2328
6	91780	-10000	10000	fusion	u	0.06	3748
5	99591	-10000	10000	fusion	u	0.08	4116
8	89111	-10000	10000	fusion	u	0.07	3920
19	23257	-10000	10000	radix	u	0.00	2252
13	87051	-10000	10000	insertion	u	0.04	3392
14	65306	-10000	10000	insertion	u	0.03	3116
17	94837	-10000	10000	radix	u	0.02	3388
20	2914	-10000	10000	fusion	u	0.00	2272
15	22879	-10000	10000	fusion	u	0.02	2328
16	37075	-10000	10000	insertion	u	0.02	2600
3	4669	-10000	10000	rapide	u	0.10	2136
16	37075	-10000	10000	fusion	u	0.03	2708
16	37075	-10000	10000	radix	u	0.01	2516
18	62582	-10000	10000	insertion	u	0.03	3040
20	2914	-10000	10000	insertion	u	0.00	2168
21	17561	-10000	10000	insertion	u	0.00	2332
19	23257	-10000	10000	fusion	u	0.02	2408
19	23257	-10000	10000	insertion	u	0.01	2336
17	94837	-10000	10000	insertion	u	0.04	3308
21	17561	-10000	10000	radix	u	0.00	2328
13	87051	-10000	10000	fusion	u	0.08	3784
21	17561	-10000	10000	fusion	u	0.01	2528
18	62582	-10000	10000	fusion	u	0.05	3020
22	27955	-10000	10000	radix	u	0.00	2364
18	62582	-10000	10000	radix	u	0.01	3012
17	94837	-10000	10000	fusion	u	0.07	3780
20	2914	-10000	10000	radix	u	0.00	2184
14	65306	-10000	10000	fusion	u	0.04	3396
24	27003	-10000	10000	radix	u	0.00	2388
22	27955	-10000	10000	insertion	u	0.01	4404
22	27955	-10000	10000	fusion	u	0.01	2492
20	2914	-10000	10000	rapide	u	0.04	2160
23	82155	-10000	10000	radix	u	0.02	3388
24	27003	-10000	10000	fusion	u	0.02	2476
25	62402	-10000	10000	radix	u	0.01	2856
24	27003	-10000	10000	insertion	u	0.01	2356
25	62402	-10000	10000	insertion	u	0.03	2728
23	82155	-10000	10000	insertion	u	0.03	3388
27	5695	-10000	10000	radix	u	0.00	2184
26	27494	-10000	10000	insertion	u	0.01	2404
27	5695	-10000	10000	insertion	u	0.00	2156
30	5866	-10000	10000	insertion	u	0.00	2344
25	62402	-10000	10000	fusion	u	0.05	2972
23	82155	-10000	10000	fusion	u	0.07	3656
30	5866	-10000	10000	fusion	u	0.00	2432
26	27494	-10000	10000	fusion	u	0.02	2472
28	76492	-10000	10000	radix	u	0.01	3008
26	27494	-10000	10000	radix	u	0.00	2368
27	5695	-10000	10000	fusion	u	0.00	2272
29	62004	-10000	10000	insertion	u	0.03	2868
32	28970	-10000	10000	insertion	u	0.01	2628
30	5866	-10000	10000	radix	u	0.00	2336
33	25964	-10000	10000	insertion	u	0.01	2268
28	76492	-10000	10000	insertion	u	0.04	3116
10	6497	-10000	10000	rapide	u	0.22	2220
29	62004	-10000	10000	radix	u	0.01	2832
33	25964	-10000	10000	radix	u	0.00	2340
31	68930	-10000	10000	radix	u	0.01	3124
32	28970	-10000	10000	radix	u	0.00	2596
32	28970	-10000	10000	fusion	u	0.02	2492
28	76492	-10000	10000	fusion	u	0.07	3412
33	25964	-10000	10000	fusion	u	0.02	2424
29	62004	-10000	10000	fusion	u	0.05	3040
31	68930	-10000	10000	insertion	u	0.03	3116
34	72591	-10000	10000	insertion	u	0.04	3120
31	68930	-10000	10000	fusion	u	0.06	3372
36	12414	-10000	10000	radix	u	0.00	2484
36	12414	-10000	10000	insertion	u	0.00	2484
35	93349	-10000	10000	radix	u	0.02	3392
34	72591	-10000	10000	radix	u	0.02	3132
35	93349	-10000	10000	insertion	u	0.05	3376
37	79065	-10000	10000	radix	u	0.01	3124
27	5695	-10000	10000	rapide	u	0.16	2156
38	26205	-10000	10000	insertion	u	0.01	2344
36	12414	-10000	10000	fusion	u	0.01	2444
38	26205	-10000	10000	fusion	u	0.02	2376
37	79065	-10000	10000	insertion	u	0.04	3124
38	26205	-10000	10000	radix	u	0.00	2344
39	27851	-10000	10000	insertion	u	0.01	2348
35	93349	-10000	10000	fusion	u	0.08	3796
34	72591	-10000	10000	fusion	u	0.06	3392
39	27851	-10000	10000	radix	u	0.00	2208
40	40951	-10000	10000	insertion	u	0.02	2576
39	27851	-10000	10000	fusion	u	0.02	2360
41	22492	-10000	10000	radix	u	0.00	2204
40	40951	-10000	10000	radix	u	0.01	2576
37	79065	-10000	10000	fusion	u	0.06	3280
30	5866	-10000	10000	rapide	u	0.19	3512
41	22492	-10000	10000	fusion	u	0.02	2460
40	40951	-10000	10000	fusion	u	0.03	2740
41	22492	-10000	10000	insertion	u	0.01	2360
42	41181	-10000	10000	radix	u	0.01	2592
43	54407	-10000	10000	radix	u	0.01	2864
42	41181	-10000	10000	insertion	u	0.02	2464
42	41181	-10000	10000	fusion	u	0.03	2776
43	54407	-10000	10000	insertion	u	0.03	2852
44	92944	-10000	10000	radix	u	0.02	3384
45	64927	-10000	10000	radix	u	0.01	3104
43	54407	-10000	10000	fusion	u	0.05	2972
44	92944	-10000	10000	insertion	u	0.05	3236
46	45719	-10000	10000	radix	u	0.01	2904
45	64927	-10000	10000	insertion	u	0.03	3104
47	49332	-10000	10000	radix	u	0.01	2788
46	45719	-10000	10000	fusion	u	0.04	2984
46	45719	-10000	10000	insertion	u	0.02	2468
45	64927	-10000	10000	fusion	u	0.05	3324
48	52202	-10000	10000	radix	u	0.01	2744
49	22939	-10000	10000	radix	u	0.00	2328
44	92944	-10000	10000	fusion	u	0.08	3852
48	52202	-10000	10000	insertion	u	0.03	2708
50	5021	-10000	10000	fusion	u	0.00	2368
50	5021	-10000	10000	insertion	u	0.00	2280
47	49332	-10000	10000	fusion	u	0.04	2984
47	49332	-10000	10000	insertion	u	0.02	2892
50	5021	-10000	10000	radix	u	0.00	2232
49	22939	-10000	10000	insertion	u	0.01	2352
48	52202	-10000	10000	fusion	u	0.04	2972
49	22939	-10000	10000	fusion	u	0.02	2524
50	5021	-10000	10000	rapide	u	0.14	1992
36	12414	-10000	10000	rapide	u	0.86	3560
9	17217	-10000	10000	rapide	u	1.63	4988
21	17561	-10000	10000	rapide	u	1.71	3180
4	21845	-10000	10000	rapide	u	2.66	3468
15	22879	-10000	10000	rapide	u	2.93	4804
41	22492	-10000	10000	rapide	u	2.84	4484
2	24743	-10000	10000	rapide	u	3.42	4228
12	25902	-10000	10000	rapide	u	3.78	5312
19	23257	-10000	10000	rapide	u	3.03	5532
49	22939	-10000	10000	rapide	u	2.96	4108
38	26205	-10000	10000	rapide	u	3.83	4244
33	25964	-10000	10000	rapide	u	3.81	5192
24	27003	-10000	10000	rapide	u	4.08	5764
32	28970	-10000	10000	rapide	u	4.73	5704
22	27955	-10000	10000	rapide	u	4.38	5440
26	27494	-10000	10000	rapide	u	4.26	5576
39	27851	-10000	10000	rapide	u	4.38	4480
16	37075	-10000	10000	rapide	u	7.73	6700
40	40951	-10000	10000	rapide	u	9.46	6804
42	41181	-10000	10000	rapide	u	9.49	5784
46	45719	-10000	10000	rapide	u	9.76	6952
43	54407	-10000	10000	rapide	u	10.83	6852
48	52202	-10000	10000	rapide	u	12.52	6272
7	57032	-10000	10000	rapide	u	13.71	7180
47	49332	-10000	10000	rapide	u	13.33	6436
11	52369	-10000	10000	rapide	u	14.29	7580
25	62402	-10000	10000	rapide	u	18.05	8428
14	65306	-10000	10000	rapide	u	17.74	7800
18	62582	-10000	10000	rapide	u	18.11	7876
45	64927	-10000	10000	rapide	u	18.75	8192
29	62004	-10000	10000	rapide	u	20.02	7352
23	82155	-10000	10000	rapide	u	22.44	8592
28	76492	-10000	10000	rapide	u	21.91	9652
31	68930	-10000	10000	rapide	u	22.09	7572
34	72591	-10000	10000	rapide	u	23.31	7576
37	79065	-10000	10000	rapide	u	23.52	9444
13	87051	-10000	10000	rapide	u	28.30	10436
35	93349	-10000	10000	rapide	u	28.39	10824
17	94837	-10000	10000	rapide	u	29.24	10668
8	89111	-10000	10000	rapide	u	28.84	9600
44	92944	-10000	10000	rapide	u	30.18	9244
1	97037	-10000	10000	rapide	u	30.02	10548
6	91780	-10000	10000	rapide	u	31.51	10648
5	99591	-10000	10000	rapide	u	32.50	11412
