iTest	taille	min	max	nom_tri	type_tab	temps	mem
1	31169	-10000	10000	radix	unique	0.00	2600
1	31169	-10000	10000	rapide	aleatoire	0.00	2392
1	31169	-10000	10000	rapide	croissant	0.01	2400
1	31169	-10000	10000	rapide	decroissant	0.01	2300
2	31761	-10000	10000	radix	unique	0.00	2600
2	31761	-10000	10000	rapide	croissant	0.00	2392
1	31169	-10000	10000	insertion	croissant	0.01	2496
2	31761	-10000	10000	rapide	decroissant	0.00	2404
1	31169	-10000	10000	insertion	unique	0.01	2468
2	31761	-10000	10000	rapide	aleatoire	0.01	2396
2	31761	-10000	10000	insertion	unique	0.01	2624
1	31169	-10000	10000	radix	decroissant	0.02	2592
1	31169	-10000	10000	radix	aleatoire	0.02	2600
1	31169	-10000	10000	radix	croissant	0.02	2588
1	31169	-10000	10000	fusion	croissant	0.02	2792
2	31761	-10000	10000	insertion	croissant	0.01	2464
2	31761	-10000	10000	radix	aleatoire	0.01	2580
2	31761	-10000	10000	radix	decroissant	0.02	2496
2	31761	-10000	10000	radix	croissant	0.02	2588
1	31169	-10000	10000	fusion	unique	0.03	2624
1	31169	-10000	10000	fusion	decroissant	0.02	2716
3	59149	-10000	10000	radix	unique	0.01	2708
5	3724	-10000	10000	rapide	croissant	0.00	1984
1	31169	-10000	10000	fusion	aleatoire	0.03	2792
2	31761	-10000	10000	fusion	croissant	0.02	2752
3	59149	-10000	10000	rapide	decroissant	0.01	2644
3	59149	-10000	10000	rapide	aleatoire	0.02	2644
2	31761	-10000	10000	fusion	unique	0.03	2720
5	3724	-10000	10000	insertion	croissant	0.00	2180
5	3724	-10000	10000	fusion	aleatoire	0.00	2232
2	31761	-10000	10000	fusion	decroissant	0.02	2620
5	3724	-10000	10000	rapide	decroissant	0.00	1988
5	3724	-10000	10000	radix	unique	0.00	2196
5	3724	-10000	10000	radix	aleatoire	0.00	2284
5	3724	-10000	10000	rapide	aleatoire	0.00	1992
3	59149	-10000	10000	rapide	croissant	0.01	2672
5	3724	-10000	10000	radix	decroissant	0.00	2332
5	3724	-10000	10000	fusion	decroissant	0.00	2156
5	3724	-10000	10000	radix	croissant	0.00	2332
3	59149	-10000	10000	insertion	unique	0.02	2708
3	59149	-10000	10000	radix	aleatoire	0.03	2784
2	31761	-10000	10000	fusion	aleatoire	0.03	2672
3	59149	-10000	10000	radix	croissant	0.03	2792
4	95185	-10000	10000	radix	unique	0.02	3236
5	3724	-10000	10000	insertion	aleatoire	0.02	2304
5	3724	-10000	10000	fusion	croissant	0.00	2380
7	13709	-10000	10000	rapide	decroissant	0.00	2268
3	59149	-10000	10000	fusion	croissant	0.05	2996
4	95185	-10000	10000	rapide	aleatoire	0.03	3188
4	95185	-10000	10000	rapide	decroissant	0.02	3180
7	13709	-10000	10000	rapide	aleatoire	0.00	2260
6	26036	-10000	10000	rapide	aleatoire	0.01	2048
6	26036	-10000	10000	rapide	decroissant	0.00	2184
5	3724	-10000	10000	fusion	unique	0.00	2184
7	13709	-10000	10000	insertion	unique	0.00	2456
6	26036	-10000	10000	insertion	croissant	0.01	2268
5	3724	-10000	10000	insertion	unique	0.00	2356
3	59149	-10000	10000	insertion	croissant	0.03	2732
7	13709	-10000	10000	fusion	decroissant	0.00	2444
4	95185	-10000	10000	rapide	croissant	0.02	3164
7	13709	-10000	10000	radix	unique	0.00	4404
7	13709	-10000	10000	radix	croissant	0.00	2556
7	13709	-10000	10000	radix	aleatoire	0.00	2604
6	26036	-10000	10000	fusion	unique	0.02	2464
6	26036	-10000	10000	radix	decroissant	0.01	2272
6	26036	-10000	10000	insertion	unique	0.01	2336
7	13709	-10000	10000	insertion	croissant	0.00	2356
7	13709	-10000	10000	rapide	croissant	0.00	2260
3	59149	-10000	10000	fusion	decroissant	0.05	2960
6	26036	-10000	10000	fusion	croissant	0.02	2324
4	95185	-10000	10000	insertion	unique	0.04	3360
3	59149	-10000	10000	radix	decroissant	0.03	2764
4	95185	-10000	10000	insertion	croissant	0.05	3416
7	13709	-10000	10000	radix	decroissant	0.00	2380
6	26036	-10000	10000	rapide	croissant	0.00	2016
6	26036	-10000	10000	radix	unique	0.00	2388
6	26036	-10000	10000	fusion	decroissant	0.02	2464
5	3724	-10000	10000	insertion	decroissant	0.04	2184
7	13709	-10000	10000	fusion	unique	0.01	2572
5	3724	-10000	10000	rapide	unique	0.07	2088
7	13709	-10000	10000	fusion	croissant	0.01	2444
3	59149	-10000	10000	fusion	unique	0.05	2920
8	81292	-10000	10000	radix	unique	0.02	3392
4	95185	-10000	10000	fusion	croissant	0.08	3832
6	26036	-10000	10000	radix	aleatoire	0.01	2340
6	26036	-10000	10000	fusion	aleatoire	0.02	2464
6	26036	-10000	10000	radix	croissant	0.01	2212
7	13709	-10000	10000	fusion	aleatoire	0.01	2476
10	9322	-10000	10000	fusion	decroissant	0.00	2312
4	95185	-10000	10000	fusion	unique	0.08	3832
3	59149	-10000	10000	fusion	aleatoire	0.06	2996
4	95185	-10000	10000	radix	decroissant	0.06	3396
4	95185	-10000	10000	radix	croissant	0.06	3424
4	95185	-10000	10000	radix	aleatoire	0.06	3420
4	95185	-10000	10000	fusion	aleatoire	0.09	3780
10	9322	-10000	10000	insertion	unique	0.00	2268
9	78486	-10000	10000	radix	unique	0.01	3132
9	78486	-10000	10000	rapide	decroissant	0.02	2840
8	81292	-10000	10000	insertion	croissant	0.03	3364
10	9322	-10000	10000	fusion	aleatoire	0.00	2340
10	9322	-10000	10000	rapide	decroissant	0.00	2168
8	81292	-10000	10000	rapide	aleatoire	0.03	3192
10	9322	-10000	10000	insertion	croissant	0.00	2212
10	9322	-10000	10000	radix	decroissant	0.00	2364
9	78486	-10000	10000	rapide	croissant	0.01	2928
9	78486	-10000	10000	insertion	croissant	0.04	3152
10	9322	-10000	10000	fusion	unique	0.00	2468
10	9322	-10000	10000	rapide	aleatoire	0.00	2204
10	9322	-10000	10000	radix	aleatoire	0.00	2500
9	78486	-10000	10000	insertion	unique	0.03	3128
10	9322	-10000	10000	fusion	croissant	0.00	2464
8	81292	-10000	10000	fusion	croissant	0.07	3712
8	81292	-10000	10000	fusion	decroissant	0.06	3756
8	81292	-10000	10000	radix	decroissant	0.05	3412
8	81292	-10000	10000	rapide	croissant	0.02	3112
11	40121	-10000	10000	radix	unique	0.01	2604
11	40121	-10000	10000	rapide	decroissant	0.01	2352
8	81292	-10000	10000	rapide	decroissant	0.02	3192
10	9322	-10000	10000	radix	croissant	0.00	2508
10	9322	-10000	10000	radix	unique	0.00	2448
10	9322	-10000	10000	rapide	croissant	0.00	2152
11	40121	-10000	10000	rapide	croissant	0.00	2372
8	81292	-10000	10000	radix	aleatoire	0.05	3424
8	81292	-10000	10000	insertion	unique	0.04	3296
9	78486	-10000	10000	rapide	aleatoire	0.02	2936
8	81292	-10000	10000	fusion	unique	0.07	3816
11	40121	-10000	10000	radix	decroissant	0.02	2588
12	36782	-10000	10000	rapide	croissant	0.00	2320
11	40121	-10000	10000	rapide	aleatoire	0.01	2396
11	40121	-10000	10000	insertion	croissant	0.02	2484
8	81292	-10000	10000	radix	croissant	0.05	3428
12	36782	-10000	10000	rapide	aleatoire	0.00	2396
4	95185	-10000	10000	fusion	decroissant	0.08	3856
11	40121	-10000	10000	insertion	unique	0.01	2480
9	78486	-10000	10000	radix	croissant	0.05	3184
9	78486	-10000	10000	fusion	croissant	0.06	3412
12	36782	-10000	10000	rapide	decroissant	0.01	2352
9	78486	-10000	10000	fusion	aleatoire	0.07	3428
9	78486	-10000	10000	radix	decroissant	0.05	3116
11	40121	-10000	10000	fusion	decroissant	0.03	2696
12	36782	-10000	10000	radix	unique	0.01	2496
9	78486	-10000	10000	radix	aleatoire	0.04	3168
11	40121	-10000	10000	fusion	croissant	0.03	2776
11	40121	-10000	10000	radix	croissant	0.02	2596
13	81582	-10000	10000	rapide	decroissant	0.02	3196
12	36782	-10000	10000	radix	aleatoire	0.02	2568
12	36782	-10000	10000	radix	croissant	0.02	2592
11	40121	-10000	10000	fusion	unique	0.03	2660
12	36782	-10000	10000	radix	decroissant	0.02	2500
9	78486	-10000	10000	fusion	decroissant	0.07	3460
8	81292	-10000	10000	fusion	aleatoire	0.08	3776
11	40121	-10000	10000	radix	aleatoire	0.02	2592
12	36782	-10000	10000	fusion	unique	0.02	2728
13	81582	-10000	10000	rapide	croissant	0.02	3172
13	81582	-10000	10000	radix	unique	0.01	3392
12	36782	-10000	10000	fusion	decroissant	0.03	2716
12	36782	-10000	10000	insertion	croissant	0.01	2592
13	81582	-10000	10000	insertion	unique	0.04	3368
9	78486	-10000	10000	fusion	unique	0.06	3424
15	18197	-10000	10000	insertion	unique	0.01	2256
14	76282	-10000	10000	radix	unique	0.01	3048
13	81582	-10000	10000	rapide	aleatoire	0.03	3144
15	18197	-10000	10000	radix	croissant	0.01	2328
15	18197	-10000	10000	insertion	croissant	0.00	2360
11	40121	-10000	10000	fusion	aleatoire	0.04	2660
14	76282	-10000	10000	insertion	unique	0.03	2992
15	18197	-10000	10000	rapide	decroissant	0.00	2128
12	36782	-10000	10000	fusion	aleatoire	0.04	2720
14	76282	-10000	10000	rapide	decroissant	0.01	2840
12	36782	-10000	10000	insertion	unique	0.01	2516
15	18197	-10000	10000	fusion	croissant	0.01	2460
16	2344	-10000	10000	insertion	croissant	0.00	2288
13	81582	-10000	10000	fusion	decroissant	0.07	3912
15	18197	-10000	10000	rapide	croissant	0.00	2124
15	18197	-10000	10000	rapide	aleatoire	0.00	2036
12	36782	-10000	10000	fusion	croissant	0.03	2692
14	76282	-10000	10000	rapide	croissant	0.02	2908
16	2344	-10000	10000	radix	croissant	0.00	2296
15	18197	-10000	10000	fusion	decroissant	0.01	2452
16	2344	-10000	10000	rapide	decroissant	0.00	2084
16	2344	-10000	10000	rapide	croissant	0.00	2084
13	81582	-10000	10000	radix	croissant	0.05	3432
16	2344	-10000	10000	radix	decroissant	0.00	2300
15	18197	-10000	10000	fusion	aleatoire	0.01	2532
15	18197	-10000	10000	radix	unique	0.00	2328
13	81582	-10000	10000	insertion	croissant	0.04	3368
15	18197	-10000	10000	radix	aleatoire	0.01	2256
16	2344	-10000	10000	fusion	croissant	0.00	2180
15	18197	-10000	10000	radix	decroissant	0.01	2332
16	2344	-10000	10000	radix	aleatoire	0.00	2300
16	2344	-10000	10000	fusion	aleatoire	0.00	2244
16	2344	-10000	10000	fusion	decroissant	0.00	2152
14	76282	-10000	10000	rapide	aleatoire	0.02	2796
16	2344	-10000	10000	insertion	unique	0.00	2288
15	18197	-10000	10000	fusion	unique	0.01	2436
16	2344	-10000	10000	radix	unique	0.00	2160
17	1946	-10000	10000	insertion	unique	0.00	2280
16	2344	-10000	10000	insertion	aleatoire	0.01	2176
16	2344	-10000	10000	rapide	aleatoire	0.00	2056
16	2344	-10000	10000	fusion	unique	0.00	2152
14	76282	-10000	10000	fusion	decroissant	0.06	3452
17	1946	-10000	10000	rapide	croissant	0.00	2076
14	76282	-10000	10000	radix	croissant	0.04	3176
14	76282	-10000	10000	insertion	croissant	0.04	3120
14	76282	-10000	10000	radix	decroissant	0.05	3164
17	1946	-10000	10000	fusion	aleatoire	0.00	2300
14	76282	-10000	10000	radix	aleatoire	0.04	3120
13	81582	-10000	10000	fusion	croissant	0.07	3756
17	1946	-10000	10000	radix	croissant	0.00	2280
17	1946	-10000	10000	insertion	aleatoire	0.00	2276
17	1946	-10000	10000	insertion	decroissant	0.01	2332
16	2344	-10000	10000	insertion	decroissant	0.01	2176
13	81582	-10000	10000	radix	aleatoire	0.05	3452
17	1946	-10000	10000	fusion	unique	0.00	2248
17	1946	-10000	10000	radix	unique	0.00	2284
18	10927	-10000	10000	fusion	croissant	0.00	2376
17	1946	-10000	10000	radix	aleatoire	0.00	2192
17	1946	-10000	10000	rapide	aleatoire	0.00	1972
17	1946	-10000	10000	rapide	decroissant	0.00	2076
17	1946	-10000	10000	radix	decroissant	0.00	2340
18	10927	-10000	10000	radix	unique	0.00	2292
13	81582	-10000	10000	radix	decroissant	0.05	3448
14	76282	-10000	10000	fusion	unique	0.05	3400
18	10927	-10000	10000	fusion	decroissant	0.01	2552
17	1946	-10000	10000	fusion	croissant	0.00	2248
19	7696	-10000	10000	fusion	croissant	0.00	2428
17	1946	-10000	10000	fusion	decroissant	0.00	2296
17	1946	-10000	10000	insertion	croissant	0.00	2124
16	2344	-10000	10000	rapide	unique	0.03	2108
17	1946	-10000	10000	rapide	unique	0.02	1968
18	10927	-10000	10000	rapide	croissant	0.00	2176
18	10927	-10000	10000	insertion	unique	0.00	2472
19	7696	-10000	10000	fusion	unique	0.00	2480
18	10927	-10000	10000	radix	aleatoire	0.00	2504
19	7696	-10000	10000	rapide	croissant	0.00	2056
18	10927	-10000	10000	fusion	unique	0.00	2544
18	10927	-10000	10000	insertion	croissant	0.00	2420
18	10927	-10000	10000	radix	croissant	0.00	2552
19	7696	-10000	10000	insertion	unique	0.00	2372
19	7696	-10000	10000	rapide	decroissant	0.00	2176
19	7696	-10000	10000	radix	unique	0.00	2188
19	7696	-10000	10000	fusion	decroissant	0.00	2480
18	10927	-10000	10000	rapide	decroissant	0.00	2224
14	76282	-10000	10000	fusion	croissant	0.06	3412
18	10927	-10000	10000	radix	decroissant	0.00	2452
18	10927	-10000	10000	fusion	aleatoire	0.01	2504
18	10927	-10000	10000	rapide	aleatoire	0.00	2096
19	7696	-10000	10000	fusion	aleatoire	0.00	2304
19	7696	-10000	10000	radix	croissant	0.00	2472
19	7696	-10000	10000	insertion	croissant	0.00	2244
19	7696	-10000	10000	radix	decroissant	0.00	2480
14	76282	-10000	10000	fusion	aleatoire	0.07	3488
19	7696	-10000	10000	rapide	aleatoire	0.00	2172
13	81582	-10000	10000	fusion	aleatoire	0.08	3780
20	96161	-10000	10000	radix	unique	0.02	3392
20	96161	-10000	10000	rapide	croissant	0.02	3184
13	81582	-10000	10000	fusion	unique	0.06	3712
19	7696	-10000	10000	radix	aleatoire	0.00	2380
21	52774	-10000	10000	rapide	decroissant	0.01	2644
20	96161	-10000	10000	rapide	decroissant	0.02	3112
20	96161	-10000	10000	insertion	croissant	0.04	3280
21	52774	-10000	10000	radix	unique	0.00	2760
20	96161	-10000	10000	rapide	aleatoire	0.03	3104
21	52774	-10000	10000	rapide	croissant	0.01	2656
21	52774	-10000	10000	insertion	unique	0.02	2744
21	52774	-10000	10000	rapide	aleatoire	0.01	2620
20	96161	-10000	10000	radix	decroissant	0.06	3420
20	96161	-10000	10000	radix	croissant	0.06	3412
21	52774	-10000	10000	insertion	croissant	0.02	2760
22	45878	-10000	10000	radix	unique	0.01	2624
22	45878	-10000	10000	rapide	decroissant	0.01	2696
10	9322	-10000	10000	insertion	aleatoire	0.16	2212
22	45878	-10000	10000	rapide	croissant	0.01	2548
7	13709	-10000	10000	insertion	aleatoire	0.34	2336
21	52774	-10000	10000	fusion	croissant	0.04	2964
21	52774	-10000	10000	radix	croissant	0.03	2852
19	7696	-10000	10000	insertion	aleatoire	0.11	2244
21	52774	-10000	10000	radix	aleatoire	0.03	2852
22	45878	-10000	10000	radix	aleatoire	0.02	2852
24	5229	-10000	10000	rapide	aleatoire	0.00	2136
23	63075	-10000	10000	rapide	decroissant	0.01	2900
24	5229	-10000	10000	radix	unique	0.00	2240
20	96161	-10000	10000	insertion	unique	0.03	3312
21	52774	-10000	10000	radix	decroissant	0.03	2764
24	5229	-10000	10000	rapide	croissant	0.00	2188
22	45878	-10000	10000	radix	croissant	0.02	2868
22	45878	-10000	10000	insertion	unique	0.02	2520
25	8437	-10000	10000	radix	unique	0.00	2288
24	5229	-10000	10000	fusion	croissant	0.00	2424
24	5229	-10000	10000	radix	decroissant	0.00	2236
22	45878	-10000	10000	radix	decroissant	0.03	2444
20	96161	-10000	10000	fusion	croissant	0.08	3812
24	5229	-10000	10000	radix	aleatoire	0.00	2360
24	5229	-10000	10000	insertion	croissant	0.00	2380
24	5229	-10000	10000	radix	croissant	0.00	2316
25	8437	-10000	10000	radix	aleatoire	0.00	2444
24	5229	-10000	10000	fusion	decroissant	0.00	2260
21	52774	-10000	10000	fusion	decroissant	0.04	2972
22	45878	-10000	10000	insertion	croissant	0.02	4472
23	63075	-10000	10000	rapide	croissant	0.01	2904
20	96161	-10000	10000	radix	aleatoire	0.06	3372
24	5229	-10000	10000	rapide	decroissant	0.00	2012
22	45878	-10000	10000	rapide	aleatoire	0.01	2668
25	8437	-10000	10000	rapide	aleatoire	0.00	2192
23	63075	-10000	10000	rapide	aleatoire	0.02	2856
20	96161	-10000	10000	fusion	decroissant	0.08	3776
24	5229	-10000	10000	insertion	unique	0.00	2384
24	5229	-10000	10000	fusion	unique	0.00	2372
23	63075	-10000	10000	radix	unique	0.01	3116
24	5229	-10000	10000	fusion	aleatoire	0.00	2372
25	8437	-10000	10000	rapide	decroissant	0.00	2188
25	8437	-10000	10000	fusion	unique	0.00	2324
21	52774	-10000	10000	fusion	unique	0.04	3004
25	8437	-10000	10000	radix	croissant	0.00	2492
21	52774	-10000	10000	fusion	aleatoire	0.05	2988
22	45878	-10000	10000	fusion	decroissant	0.04	2716
25	8437	-10000	10000	radix	decroissant	0.00	2436
25	8437	-10000	10000	fusion	decroissant	0.00	2264
25	8437	-10000	10000	rapide	croissant	0.00	2236
26	7747	-10000	10000	fusion	decroissant	0.00	2308
23	63075	-10000	10000	fusion	croissant	0.05	3224
23	63075	-10000	10000	insertion	unique	0.03	3120
25	8437	-10000	10000	insertion	unique	0.00	2256
25	8437	-10000	10000	insertion	croissant	0.00	2272
25	8437	-10000	10000	fusion	aleatoire	0.00	2488
23	63075	-10000	10000	radix	aleatoire	0.04	5172
23	63075	-10000	10000	radix	croissant	0.04	3124
10	9322	-10000	10000	insertion	decroissant	0.30	2284
26	7747	-10000	10000	radix	aleatoire	0.00	2328
25	8437	-10000	10000	fusion	croissant	0.00	2400
22	45878	-10000	10000	fusion	croissant	0.03	2756
26	7747	-10000	10000	rapide	croissant	0.00	2228
26	7747	-10000	10000	radix	decroissant	0.00	2424
26	7747	-10000	10000	fusion	unique	0.00	2440
26	7747	-10000	10000	radix	croissant	0.00	2380
22	45878	-10000	10000	fusion	aleatoire	0.04	3056
26	7747	-10000	10000	rapide	decroissant	0.00	2176
26	7747	-10000	10000	rapide	aleatoire	0.00	2048
26	7747	-10000	10000	radix	unique	0.00	2264
23	63075	-10000	10000	radix	decroissant	0.04	3040
23	63075	-10000	10000	insertion	croissant	0.03	3128
26	7747	-10000	10000	fusion	croissant	0.00	2436
23	63075	-10000	10000	fusion	unique	0.05	3240
26	7747	-10000	10000	insertion	unique	0.00	2188
22	45878	-10000	10000	fusion	unique	0.04	3040
20	96161	-10000	10000	fusion	aleatoire	0.10	3716
26	7747	-10000	10000	fusion	aleatoire	0.00	2436
26	7747	-10000	10000	insertion	croissant	0.00	2260
20	96161	-10000	10000	fusion	unique	0.07	3764
28	63555	-10000	10000	radix	unique	0.01	3116
27	91332	-10000	10000	rapide	croissant	0.02	3100
23	63075	-10000	10000	fusion	decroissant	0.05	3260
28	63555	-10000	10000	rapide	croissant	0.01	2852
27	91332	-10000	10000	radix	unique	0.02	3384
24	5229	-10000	10000	insertion	aleatoire	0.05	2204
28	63555	-10000	10000	rapide	decroissant	0.01	2872
29	44034	-10000	10000	rapide	decroissant	0.01	2268
27	91332	-10000	10000	rapide	decroissant	0.02	3172
23	63075	-10000	10000	fusion	aleatoire	0.06	3232
29	44034	-10000	10000	radix	unique	0.01	2576
28	63555	-10000	10000	rapide	aleatoire	0.02	2828
10	9322	-10000	10000	rapide	unique	0.45	2212
28	63555	-10000	10000	radix	aleatoire	0.03	3024
27	91332	-10000	10000	radix	decroissant	0.06	3428
28	63555	-10000	10000	fusion	unique	0.05	3220
27	91332	-10000	10000	insertion	unique	0.03	3384
29	44034	-10000	10000	rapide	croissant	0.01	2380
29	44034	-10000	10000	radix	croissant	0.02	2596
31	7412	-10000	10000	radix	unique	0.00	2372
27	91332	-10000	10000	rapide	aleatoire	0.03	3168
31	7412	-10000	10000	rapide	aleatoire	0.00	2052
29	44034	-10000	10000	rapide	aleatoire	0.01	2324
29	44034	-10000	10000	insertion	unique	0.01	2576
31	7412	-10000	10000	rapide	croissant	0.00	2124
28	63555	-10000	10000	insertion	unique	0.03	2992
31	7412	-10000	10000	radix	aleatoire	0.00	2292
31	7412	-10000	10000	radix	decroissant	0.00	2260
28	63555	-10000	10000	insertion	croissant	0.02	3124
30	92747	-10000	10000	rapide	decroissant	0.01	3116
27	91332	-10000	10000	fusion	decroissant	0.07	3716
27	91332	-10000	10000	radix	croissant	0.05	3440
24	5229	-10000	10000	insertion	decroissant	0.10	2284
31	7412	-10000	10000	fusion	decroissant	0.00	2428
29	44034	-10000	10000	radix	aleatoire	0.02	2576
32	18324	-10000	10000	radix	unique	0.00	2252
29	44034	-10000	10000	radix	decroissant	0.02	2516
31	7412	-10000	10000	rapide	decroissant	0.00	2164
29	44034	-10000	10000	insertion	croissant	0.02	2496
31	7412	-10000	10000	fusion	croissant	0.00	2244
27	91332	-10000	10000	radix	aleatoire	0.05	3408
31	7412	-10000	10000	insertion	unique	0.00	2244
30	92747	-10000	10000	rapide	croissant	0.02	3172
31	7412	-10000	10000	insertion	croissant	0.00	2420
28	63555	-10000	10000	radix	croissant	0.03	3024
32	18324	-10000	10000	radix	decroissant	0.01	2332
28	63555	-10000	10000	radix	decroissant	0.04	3112
31	7412	-10000	10000	radix	croissant	0.00	2268
32	18324	-10000	10000	rapide	croissant	0.00	2132
31	7412	-10000	10000	fusion	unique	0.00	2468
30	92747	-10000	10000	rapide	aleatoire	0.03	3120
32	18324	-10000	10000	radix	aleatoire	0.01	2252
27	91332	-10000	10000	insertion	croissant	0.04	3236
30	92747	-10000	10000	radix	unique	0.02	3376
28	63555	-10000	10000	fusion	decroissant	0.05	3388
29	44034	-10000	10000	fusion	decroissant	0.03	2656
29	44034	-10000	10000	fusion	croissant	0.04	2756
31	7412	-10000	10000	fusion	aleatoire	0.00	2300
29	44034	-10000	10000	fusion	unique	0.03	2728
32	18324	-10000	10000	rapide	decroissant	0.00	2128
25	8437	-10000	10000	insertion	aleatoire	0.12	2272
32	18324	-10000	10000	rapide	aleatoire	0.00	2132
29	44034	-10000	10000	fusion	aleatoire	0.04	2660
32	18324	-10000	10000	radix	croissant	0.00	2232
33	34192	-10000	10000	rapide	decroissant	0.00	2404
32	18324	-10000	10000	fusion	croissant	0.01	2452
32	18324	-10000	10000	insertion	unique	0.01	2360
28	63555	-10000	10000	fusion	croissant	0.05	3256
32	18324	-10000	10000	insertion	croissant	0.01	2328
33	34192	-10000	10000	radix	decroissant	0.02	2628
32	18324	-10000	10000	fusion	unique	0.01	2328
30	92747	-10000	10000	insertion	croissant	0.04	3368
33	34192	-10000	10000	rapide	aleatoire	0.01	2324
32	18324	-10000	10000	fusion	aleatoire	0.01	2384
32	18324	-10000	10000	fusion	decroissant	0.01	2448
35	8743	-10000	10000	insertion	croissant	0.00	2388
33	34192	-10000	10000	insertion	croissant	0.02	2592
33	34192	-10000	10000	radix	unique	0.00	2588
33	34192	-10000	10000	radix	croissant	0.02	2576
28	63555	-10000	10000	fusion	aleatoire	0.06	3248
33	34192	-10000	10000	insertion	unique	0.01	2600
33	34192	-10000	10000	rapide	croissant	0.00	2380
35	8743	-10000	10000	rapide	aleatoire	0.00	2200
30	92747	-10000	10000	insertion	unique	0.03	3312
27	91332	-10000	10000	fusion	croissant	0.07	3776
27	91332	-10000	10000	fusion	unique	0.07	3756
30	92747	-10000	10000	radix	decroissant	0.05	3512
27	91332	-10000	10000	fusion	aleatoire	0.09	3764
24	5229	-10000	10000	rapide	unique	0.15	3728
33	34192	-10000	10000	fusion	croissant	0.02	2724
35	8743	-10000	10000	fusion	croissant	0.00	2460
35	8743	-10000	10000	radix	unique	0.00	2228
18	10927	-10000	10000	insertion	aleatoire	0.21	2412
33	34192	-10000	10000	radix	aleatoire	0.02	2460
35	8743	-10000	10000	fusion	aleatoire	0.00	2412
34	74900	-10000	10000	rapide	croissant	0.02	2920
35	8743	-10000	10000	fusion	unique	0.00	2452
30	92747	-10000	10000	radix	aleatoire	0.06	3420
34	74900	-10000	10000	rapide	decroissant	0.02	2796
33	34192	-10000	10000	fusion	unique	0.03	2732
35	8743	-10000	10000	rapide	croissant	0.00	2148
35	8743	-10000	10000	radix	croissant	0.00	2292
35	8743	-10000	10000	fusion	decroissant	0.00	2460
35	8743	-10000	10000	radix	aleatoire	0.00	2320
33	34192	-10000	10000	fusion	aleatoire	0.03	2796
26	7747	-10000	10000	insertion	aleatoire	0.11	2368
35	8743	-10000	10000	radix	decroissant	0.00	2452
35	8743	-10000	10000	rapide	decroissant	0.00	2064
33	34192	-10000	10000	fusion	decroissant	0.03	2768
30	92747	-10000	10000	radix	croissant	0.06	3436
35	8743	-10000	10000	insertion	unique	0.00	2440
34	74900	-10000	10000	radix	unique	0.01	3024
30	92747	-10000	10000	fusion	unique	0.08	3796
34	74900	-10000	10000	rapide	aleatoire	0.02	2908
36	46881	-10000	10000	rapide	croissant	0.01	2660
34	74900	-10000	10000	insertion	croissant	0.03	3116
34	74900	-10000	10000	insertion	unique	0.03	3120
34	74900	-10000	10000	radix	aleatoire	0.03	3152
30	92747	-10000	10000	fusion	aleatoire	0.09	3796
36	46881	-10000	10000	radix	unique	0.01	2852
19	7696	-10000	10000	insertion	decroissant	0.22	2420
36	46881	-10000	10000	rapide	aleatoire	0.01	2576
37	47479	-10000	10000	rapide	decroissant	0.01	2544
36	46881	-10000	10000	rapide	decroissant	0.01	2576
30	92747	-10000	10000	fusion	croissant	0.08	3812
37	47479	-10000	10000	rapide	croissant	0.00	2588
36	46881	-10000	10000	insertion	unique	0.02	2728
36	46881	-10000	10000	radix	croissant	0.02	2852
37	47479	-10000	10000	rapide	aleatoire	0.01	2632
38	41263	-10000	10000	rapide	aleatoire	0.01	2380
38	41263	-10000	10000	rapide	decroissant	0.01	2404
37	47479	-10000	10000	radix	unique	0.01	2760
34	74900	-10000	10000	radix	decroissant	0.04	3188
31	7412	-10000	10000	insertion	aleatoire	0.10	2412
30	92747	-10000	10000	fusion	decroissant	0.08	3852
36	46881	-10000	10000	radix	decroissant	0.03	2728
36	46881	-10000	10000	fusion	decroissant	0.03	2992
34	74900	-10000	10000	fusion	croissant	0.06	3444
36	46881	-10000	10000	insertion	croissant	0.02	4908
36	46881	-10000	10000	fusion	unique	0.03	3020
38	41263	-10000	10000	radix	unique	0.01	2520
37	47479	-10000	10000	insertion	croissant	0.02	2844
34	74900	-10000	10000	fusion	unique	0.06	3412
38	41263	-10000	10000	insertion	unique	0.02	2444
39	40667	-10000	10000	rapide	decroissant	0.01	2352
38	41263	-10000	10000	rapide	croissant	0.01	2312
37	47479	-10000	10000	insertion	unique	0.02	2864
34	74900	-10000	10000	radix	croissant	0.04	3160
38	41263	-10000	10000	insertion	croissant	0.02	2476
37	47479	-10000	10000	radix	decroissant	0.02	2840
36	46881	-10000	10000	radix	aleatoire	0.02	2844
37	47479	-10000	10000	radix	aleatoire	0.02	2844
39	40667	-10000	10000	insertion	unique	0.02	2576
40	41320	-10000	10000	rapide	croissant	0.01	2300
38	41263	-10000	10000	radix	aleatoire	0.02	2576
39	40667	-10000	10000	rapide	aleatoire	0.01	2380
39	40667	-10000	10000	insertion	croissant	0.02	2588
38	41263	-10000	10000	radix	croissant	0.02	2600
36	46881	-10000	10000	fusion	aleatoire	0.04	3040
37	47479	-10000	10000	fusion	croissant	0.04	3040
38	41263	-10000	10000	radix	decroissant	0.02	2568
34	74900	-10000	10000	fusion	decroissant	0.06	3320
41	5694	-10000	10000	rapide	croissant	0.00	2056
39	40667	-10000	10000	radix	unique	0.01	2460
39	40667	-10000	10000	radix	aleatoire	0.02	2524
40	41320	-10000	10000	radix	unique	0.01	2576
41	5694	-10000	10000	radix	aleatoire	0.00	2220
41	5694	-10000	10000	insertion	unique	0.00	2296
41	5694	-10000	10000	radix	decroissant	0.00	2416
41	5694	-10000	10000	fusion	decroissant	0.00	2288
37	47479	-10000	10000	radix	croissant	0.02	2864
37	47479	-10000	10000	fusion	decroissant	0.03	2924
41	5694	-10000	10000	radix	croissant	0.00	2220
38	41263	-10000	10000	fusion	decroissant	0.03	2720
38	41263	-10000	10000	fusion	croissant	0.03	2724
41	5694	-10000	10000	rapide	decroissant	0.00	1988
41	5694	-10000	10000	rapide	aleatoire	0.00	2108
39	40667	-10000	10000	radix	decroissant	0.02	2624
40	41320	-10000	10000	rapide	aleatoire	0.01	2352
41	5694	-10000	10000	fusion	unique	0.00	2272
41	5694	-10000	10000	radix	unique	0.00	2156
40	41320	-10000	10000	insertion	unique	0.02	2576
40	41320	-10000	10000	rapide	decroissant	0.01	2284
39	40667	-10000	10000	rapide	croissant	0.00	2272
36	46881	-10000	10000	fusion	croissant	0.04	2976
41	5694	-10000	10000	fusion	croissant	0.00	2256
40	41320	-10000	10000	radix	aleatoire	0.02	2604
25	8437	-10000	10000	insertion	decroissant	0.25	2380
41	5694	-10000	10000	insertion	croissant	0.00	2228
39	40667	-10000	10000	radix	croissant	0.02	2516
37	47479	-10000	10000	fusion	unique	0.04	2988
39	40667	-10000	10000	fusion	decroissant	0.03	2660
38	41263	-10000	10000	fusion	unique	0.03	2724
40	41320	-10000	10000	insertion	croissant	0.02	2592
41	5694	-10000	10000	fusion	aleatoire	0.00	2228
37	47479	-10000	10000	fusion	aleatoire	0.05	2924
40	41320	-10000	10000	radix	croissant	0.02	2588
34	74900	-10000	10000	fusion	aleatoire	0.07	3284
39	40667	-10000	10000	fusion	croissant	0.03	2668
39	40667	-10000	10000	fusion	unique	0.02	2692
40	41320	-10000	10000	radix	decroissant	0.02	2568
39	40667	-10000	10000	fusion	aleatoire	0.04	2724
43	33471	-10000	10000	rapide	decroissant	0.00	2312
42	84404	-10000	10000	rapide	decroissant	0.01	3172
38	41263	-10000	10000	fusion	aleatoire	0.04	2796
43	33471	-10000	10000	insertion	unique	0.01	2444
40	41320	-10000	10000	fusion	croissant	0.03	2728
43	33471	-10000	10000	rapide	aleatoire	0.01	2396
40	41320	-10000	10000	fusion	decroissant	0.03	2720
43	33471	-10000	10000	rapide	croissant	0.00	2404
26	7747	-10000	10000	insertion	decroissant	0.22	2412
43	33471	-10000	10000	radix	unique	0.01	2576
43	33471	-10000	10000	fusion	croissant	0.02	2660
42	84404	-10000	10000	rapide	croissant	0.01	3060
42	84404	-10000	10000	radix	unique	0.02	3236
40	41320	-10000	10000	fusion	aleatoire	0.04	2724
43	33471	-10000	10000	fusion	unique	0.02	2728
43	33471	-10000	10000	radix	aleatoire	0.02	2596
40	41320	-10000	10000	fusion	unique	0.03	2720
43	33471	-10000	10000	radix	croissant	0.02	2496
43	33471	-10000	10000	insertion	croissant	0.01	2564
43	33471	-10000	10000	radix	decroissant	0.02	2576
42	84404	-10000	10000	rapide	aleatoire	0.03	3112
43	33471	-10000	10000	fusion	aleatoire	0.03	2728
44	91249	-10000	10000	radix	unique	0.02	3388
43	33471	-10000	10000	fusion	decroissant	0.02	2660
42	84404	-10000	10000	insertion	unique	0.04	3392
46	7043	-10000	10000	radix	unique	0.00	2248
44	91249	-10000	10000	rapide	aleatoire	0.03	3092
42	84404	-10000	10000	radix	croissant	0.05	3416
46	7043	-10000	10000	insertion	unique	0.00	2352
46	7043	-10000	10000	rapide	aleatoire	0.00	2120
46	7043	-10000	10000	insertion	croissant	0.00	2360
44	91249	-10000	10000	rapide	croissant	0.02	3184
44	91249	-10000	10000	rapide	decroissant	0.02	3116
46	7043	-10000	10000	fusion	decroissant	0.00	2320
46	7043	-10000	10000	rapide	decroissant	0.00	2156
42	84404	-10000	10000	radix	aleatoire	0.05	3444
42	84404	-10000	10000	insertion	croissant	0.04	3236
45	90043	-10000	10000	rapide	croissant	0.02	3104
46	7043	-10000	10000	radix	croissant	0.00	2460
46	7043	-10000	10000	radix	decroissant	0.00	2460
46	7043	-10000	10000	rapide	croissant	0.00	2156
46	7043	-10000	10000	radix	aleatoire	0.00	2448
45	90043	-10000	10000	radix	unique	0.02	3392
46	7043	-10000	10000	fusion	croissant	0.00	2464
46	7043	-10000	10000	fusion	aleatoire	0.00	2408
46	7043	-10000	10000	fusion	unique	0.00	2420
44	91249	-10000	10000	insertion	unique	0.04	3236
45	90043	-10000	10000	rapide	decroissant	0.01	3060
45	90043	-10000	10000	rapide	aleatoire	0.03	3076
42	84404	-10000	10000	radix	decroissant	0.05	3416
44	91249	-10000	10000	insertion	croissant	0.04	3392
48	22601	-10000	10000	rapide	croissant	0.00	2136
42	84404	-10000	10000	fusion	unique	0.06	3788
48	22601	-10000	10000	rapide	aleatoire	0.00	2140
48	22601	-10000	10000	radix	unique	0.00	2260
42	84404	-10000	10000	fusion	decroissant	0.07	3780
44	91249	-10000	10000	radix	aleatoire	0.06	3420
47	69319	-10000	10000	rapide	decroissant	0.01	2932
48	22601	-10000	10000	rapide	decroissant	0.00	2060
47	69319	-10000	10000	rapide	aleatoire	0.02	2920
44	91249	-10000	10000	radix	croissant	0.05	3516
47	69319	-10000	10000	radix	unique	0.01	3124
41	5694	-10000	10000	insertion	aleatoire	0.06	2292
48	22601	-10000	10000	radix	aleatoire	0.01	2216
45	90043	-10000	10000	insertion	unique	0.04	3384
48	22601	-10000	10000	insertion	unique	0.01	2232
47	69319	-10000	10000	rapide	croissant	0.01	2840
45	90043	-10000	10000	insertion	croissant	0.04	3272
48	22601	-10000	10000	insertion	croissant	0.01	2180
49	27714	-10000	10000	radix	unique	0.00	2264
48	22601	-10000	10000	fusion	croissant	0.02	2308
48	22601	-10000	10000	radix	decroissant	0.01	2312
49	27714	-10000	10000	rapide	croissant	0.00	2088
48	22601	-10000	10000	fusion	decroissant	0.01	2452
49	27714	-10000	10000	rapide	aleatoire	0.01	2208
47	69319	-10000	10000	insertion	croissant	0.03	2964
19	7696	-10000	10000	rapide	unique	0.33	2244
48	22601	-10000	10000	fusion	unique	0.01	2460
49	27714	-10000	10000	insertion	croissant	0.01	2260
44	91249	-10000	10000	radix	decroissant	0.05	3440
49	27714	-10000	10000	insertion	unique	0.01	2284
47	69319	-10000	10000	insertion	unique	0.03	3128
48	22601	-10000	10000	radix	croissant	0.01	2332
49	27714	-10000	10000	rapide	decroissant	0.00	2152
42	84404	-10000	10000	fusion	croissant	0.07	3796
42	84404	-10000	10000	fusion	aleatoire	0.08	3764
47	69319	-10000	10000	radix	aleatoire	0.04	3172
49	27714	-10000	10000	radix	aleatoire	0.01	2356
48	22601	-10000	10000	fusion	aleatoire	0.02	2440
35	8743	-10000	10000	insertion	aleatoire	0.14	2388
50	14969	-10000	10000	rapide	aleatoire	0.00	2280
45	90043	-10000	10000	radix	aleatoire	0.06	3436
50	14969	-10000	10000	insertion	croissant	0.00	2476
50	14969	-10000	10000	rapide	croissant	0.00	2284
44	91249	-10000	10000	fusion	decroissant	0.08	3780
50	14969	-10000	10000	insertion	unique	0.00	2476
50	14969	-10000	10000	radix	unique	0.00	2372
50	14969	-10000	10000	rapide	decroissant	0.00	2160
45	90043	-10000	10000	radix	croissant	0.05	3432
49	27714	-10000	10000	radix	croissant	0.01	2376
49	27714	-10000	10000	fusion	unique	0.02	2512
50	14969	-10000	10000	radix	decroissant	0.01	2544
49	27714	-10000	10000	fusion	decroissant	0.02	2412
47	69319	-10000	10000	radix	decroissant	0.04	3188
49	27714	-10000	10000	radix	decroissant	0.01	2208
45	90043	-10000	10000	fusion	decroissant	0.07	3916
49	27714	-10000	10000	fusion	croissant	0.02	2564
44	91249	-10000	10000	fusion	croissant	0.07	3768
47	69319	-10000	10000	radix	croissant	0.04	3152
50	14969	-10000	10000	fusion	unique	0.01	2640
50	14969	-10000	10000	fusion	decroissant	0.00	2552
50	14969	-10000	10000	fusion	croissant	0.01	2508
45	90043	-10000	10000	fusion	croissant	0.08	3716
50	14969	-10000	10000	radix	aleatoire	0.01	2640
50	14969	-10000	10000	radix	croissant	0.01	2640
50	14969	-10000	10000	fusion	aleatoire	0.01	2444
47	69319	-10000	10000	fusion	unique	0.05	3516
31	7412	-10000	10000	insertion	decroissant	0.20	2420
45	90043	-10000	10000	radix	decroissant	0.05	3416
44	91249	-10000	10000	fusion	unique	0.07	3764
44	91249	-10000	10000	fusion	aleatoire	0.09	3760
49	27714	-10000	10000	fusion	aleatoire	0.02	2388
45	90043	-10000	10000	fusion	unique	0.07	3844
47	69319	-10000	10000	fusion	decroissant	0.06	3516
47	69319	-10000	10000	fusion	croissant	0.05	3532
26	7747	-10000	10000	rapide	unique	0.33	2076
45	90043	-10000	10000	fusion	aleatoire	0.08	3776
47	69319	-10000	10000	fusion	aleatoire	0.07	3652
18	10927	-10000	10000	insertion	decroissant	0.44	2308
41	5694	-10000	10000	insertion	decroissant	0.12	2292
46	7043	-10000	10000	insertion	aleatoire	0.09	2400
35	8743	-10000	10000	insertion	decroissant	0.28	2388
41	5694	-10000	10000	rapide	unique	0.18	3728
25	8437	-10000	10000	rapide	unique	0.38	2192
7	13709	-10000	10000	insertion	decroissant	0.68	2464
15	18197	-10000	10000	insertion	aleatoire	0.61	2256
31	7412	-10000	10000	rapide	unique	0.30	3604
46	7043	-10000	10000	insertion	decroissant	0.19	2368
46	7043	-10000	10000	rapide	unique	0.27	2140
18	10927	-10000	10000	rapide	unique	0.65	4056
35	8743	-10000	10000	rapide	unique	0.43	2096
50	14969	-10000	10000	insertion	aleatoire	0.42	2360
32	18324	-10000	10000	insertion	aleatoire	0.63	2336
6	26036	-10000	10000	insertion	aleatoire	1.23	2192
7	13709	-10000	10000	rapide	unique	1.03	4796
15	18197	-10000	10000	insertion	decroissant	1.22	2232
50	14969	-10000	10000	insertion	decroissant	0.84	2488
49	27714	-10000	10000	insertion	aleatoire	1.45	2584
48	22601	-10000	10000	insertion	aleatoire	0.94	2256
2	31761	-10000	10000	insertion	aleatoire	1.88	2576
1	31169	-10000	10000	insertion	aleatoire	1.82	2448
32	18324	-10000	10000	insertion	decroissant	1.24	2180
50	14969	-10000	10000	rapide	unique	1.29	2984
15	18197	-10000	10000	rapide	unique	1.86	4708
32	18324	-10000	10000	rapide	unique	1.90	4756
48	22601	-10000	10000	insertion	decroissant	1.93	2328
6	26036	-10000	10000	insertion	decroissant	2.50	2340
43	33471	-10000	10000	insertion	aleatoire	2.12	2576
12	36782	-10000	10000	insertion	aleatoire	2.54	2444
33	34192	-10000	10000	insertion	aleatoire	2.19	2484
11	40121	-10000	10000	insertion	aleatoire	3.06	2600
49	27714	-10000	10000	insertion	decroissant	2.88	2616
48	22601	-10000	10000	rapide	unique	2.92	4548
39	40667	-10000	10000	insertion	aleatoire	3.13	2592
1	31169	-10000	10000	insertion	decroissant	3.67	2516
40	41320	-10000	10000	insertion	aleatoire	3.22	2596
2	31761	-10000	10000	insertion	decroissant	3.76	2516
38	41263	-10000	10000	insertion	aleatoire	3.13	2588
29	44034	-10000	10000	insertion	aleatoire	3.62	2576
36	46881	-10000	10000	insertion	aleatoire	4.13	2784
22	45878	-10000	10000	insertion	aleatoire	3.91	2884
6	26036	-10000	10000	rapide	unique	3.83	4956
37	47479	-10000	10000	insertion	aleatoire	4.25	2732
43	33471	-10000	10000	insertion	decroissant	4.18	2588
33	34192	-10000	10000	insertion	decroissant	4.41	2600
12	36782	-10000	10000	insertion	decroissant	5.05	2600
49	27714	-10000	10000	rapide	unique	4.39	5108
21	52774	-10000	10000	insertion	aleatoire	5.23	2744
2	31761	-10000	10000	rapide	unique	5.73	4808
1	31169	-10000	10000	rapide	unique	5.51	4972
11	40121	-10000	10000	insertion	decroissant	5.92	2600
38	41263	-10000	10000	insertion	decroissant	6.41	2584
33	34192	-10000	10000	rapide	unique	6.64	5008
3	59149	-10000	10000	insertion	aleatoire	6.61	2864
40	41320	-10000	10000	insertion	decroissant	6.38	2588
39	40667	-10000	10000	insertion	decroissant	6.31	2576
43	33471	-10000	10000	rapide	unique	6.37	5824
23	63075	-10000	10000	insertion	aleatoire	7.44	3128
29	44034	-10000	10000	insertion	decroissant	7.33	2624
28	63555	-10000	10000	insertion	aleatoire	7.62	3116
12	36782	-10000	10000	rapide	unique	7.64	5692
22	45878	-10000	10000	insertion	decroissant	7.87	2884
36	46881	-10000	10000	insertion	decroissant	8.14	2744
37	47479	-10000	10000	insertion	decroissant	8.40	2760
11	40121	-10000	10000	rapide	unique	9.08	5640
47	69319	-10000	10000	insertion	aleatoire	8.98	3128
40	41320	-10000	10000	rapide	unique	9.69	5660
38	41263	-10000	10000	rapide	unique	9.67	6620
39	40667	-10000	10000	rapide	unique	9.42	6844
21	52774	-10000	10000	insertion	decroissant	10.54	2852
14	76282	-10000	10000	insertion	aleatoire	10.88	3104
34	74900	-10000	10000	insertion	aleatoire	10.53	3128
9	78486	-10000	10000	insertion	aleatoire	11.50	3048
22	45878	-10000	10000	rapide	unique	11.98	5688
29	44034	-10000	10000	rapide	unique	10.88	6720
13	81582	-10000	10000	insertion	aleatoire	12.45	3368
8	81292	-10000	10000	insertion	aleatoire	12.47	3380
42	84404	-10000	10000	insertion	aleatoire	13.38	3392
3	59149	-10000	10000	insertion	decroissant	13.07	2840
37	47479	-10000	10000	rapide	unique	12.89	6068
36	46881	-10000	10000	rapide	unique	12.51	6440
45	90043	-10000	10000	insertion	aleatoire	15.18	3368
27	91332	-10000	10000	insertion	aleatoire	15.68	3376
23	63075	-10000	10000	insertion	decroissant	15.01	3096
28	63555	-10000	10000	insertion	decroissant	15.08	3024
21	52774	-10000	10000	rapide	unique	15.81	7836
44	91249	-10000	10000	insertion	aleatoire	15.65	3352
30	92747	-10000	10000	insertion	aleatoire	16.12	3276
20	96161	-10000	10000	insertion	aleatoire	17.43	3544
4	95185	-10000	10000	insertion	aleatoire	16.67	3392
47	69319	-10000	10000	insertion	decroissant	17.97	2976
3	59149	-10000	10000	rapide	unique	19.88	6772
34	74900	-10000	10000	insertion	decroissant	20.48	3104
14	76282	-10000	10000	insertion	decroissant	21.58	3128
23	63075	-10000	10000	rapide	unique	22.67	8476
28	63555	-10000	10000	rapide	unique	23.10	8608
9	78486	-10000	10000	insertion	decroissant	22.83	3384
13	81582	-10000	10000	insertion	decroissant	24.46	3288
8	81292	-10000	10000	insertion	decroissant	24.54	3380
42	84404	-10000	10000	insertion	decroissant	25.14	3380
14	76282	-10000	10000	rapide	unique	25.78	9292
47	69319	-10000	10000	rapide	unique	26.53	8260
45	90043	-10000	10000	insertion	decroissant	26.91	3380
30	92747	-10000	10000	insertion	decroissant	26.80	3312
44	91249	-10000	10000	insertion	decroissant	26.91	3380
34	74900	-10000	10000	rapide	unique	27.51	8432
27	91332	-10000	10000	insertion	decroissant	27.44	3236
20	96161	-10000	10000	insertion	decroissant	29.14	3532
13	81582	-10000	10000	rapide	unique	29.88	9468
4	95185	-10000	10000	insertion	decroissant	30.27	3416
9	78486	-10000	10000	rapide	unique	30.87	9848
42	84404	-10000	10000	rapide	unique	31.19	10480
8	81292	-10000	10000	rapide	unique	31.86	8192
45	90043	-10000	10000	rapide	unique	32.51	10028
27	91332	-10000	10000	rapide	unique	33.38	9472
30	92747	-10000	10000	rapide	unique	36.01	10788
44	91249	-10000	10000	rapide	unique	35.83	9664
4	95185	-10000	10000	rapide	unique	36.90	9736
20	96161	-10000	10000	rapide	unique	38.13	10228
